9
30 30
30 45
30 60
45 30
45 45
45 60
60 30
60 45
60 60
8128
29 29 29 30
29 29 29 31
29 29 29 32
29 29 29 33
29 29 29 34
29 29 29 35
29 29 29 36
29 29 29 37
29 29 29 38
29 29 29 39
29 29 29 40
29 29 29 41
29 29 29 42
29 29 29 43
29 29 29 44
29 29 29 45
29 29 29 46
29 29 29 47
29 29 29 48
29 29 29 49
29 29 29 50
29 29 29 51
29 29 29 52
29 29 29 53
29 29 29 54
29 29 29 55
29 29 29 56
29 29 29 57
29 29 29 58
29 29 29 59
29 29 29 60
29 29 29 61
29 29 61 29
29 29 61 30
29 29 61 31
29 29 61 32
29 29 61 33
29 29 61 34
29 29 61 35
29 29 61 36
29 29 61 37
29 29 61 38
29 29 61 39
29 29 61 40
29 29 61 41
29 29 61 42
29 29 61 43
29 29 61 44
29 29 61 45
29 29 61 46
29 29 61 47
29 29 61 48
29 29 61 49
29 29 61 50
29 29 61 51
29 29 61 52
29 29 61 53
29 29 61 54
29 29 61 55
29 29 61 56
29 29 61 57
29 29 61 58
29 29 61 59
29 29 61 60
29 29 61 61
29 29 30 29
29 29 31 29
29 29 32 29
29 29 33 29
29 29 34 29
29 29 35 29
29 29 36 29
29 29 37 29
29 29 38 29
29 29 39 29
29 29 40 29
29 29 41 29
29 29 42 29
29 29 43 29
29 29 44 29
29 29 45 29
29 29 46 29
29 29 47 29
29 29 48 29
29 29 49 29
29 29 50 29
29 29 51 29
29 29 52 29
29 29 53 29
29 29 54 29
29 29 55 29
29 29 56 29
29 29 57 29
29 29 58 29
29 29 59 29
29 29 60 29
29 29 30 61
29 29 31 61
29 29 32 61
29 29 33 61
29 29 34 61
29 29 35 61
29 29 36 61
29 29 37 61
29 29 38 61
29 29 39 61
29 29 40 61
29 29 41 61
29 29 42 61
29 29 43 61
29 29 44 61
29 29 45 61
29 29 46 61
29 29 47 61
29 29 48 61
29 29 49 61
29 29 50 61
29 29 51 61
29 29 52 61
29 29 53 61
29 29 54 61
29 29 55 61
29 29 56 61
29 29 57 61
29 29 58 61
29 29 59 61
29 29 60 61
29 30 29 31
29 30 29 32
29 30 29 33
29 30 29 34
29 30 29 35
29 30 29 36
29 30 29 37
29 30 29 38
29 30 29 39
29 30 29 40
29 30 29 41
29 30 29 42
29 30 29 43
29 30 29 44
29 30 29 45
29 30 29 46
29 30 29 47
29 30 29 48
29 30 29 49
29 30 29 50
29 30 29 51
29 30 29 52
29 30 29 53
29 30 29 54
29 30 29 55
29 30 29 56
29 30 29 57
29 30 29 58
29 30 29 59
29 30 29 60
29 30 29 61
29 30 61 29
29 30 61 30
29 30 61 31
29 30 61 32
29 30 61 33
29 30 61 34
29 30 61 35
29 30 61 36
29 30 61 37
29 30 61 38
29 30 61 39
29 30 61 40
29 30 61 41
29 30 61 42
29 30 61 43
29 30 61 44
29 30 61 45
29 30 61 46
29 30 61 47
29 30 61 48
29 30 61 49
29 30 61 50
29 30 61 51
29 30 61 52
29 30 61 53
29 30 61 54
29 30 61 55
29 30 61 56
29 30 61 57
29 30 61 58
29 30 61 59
29 30 61 60
29 30 61 61
29 30 30 29
29 30 31 29
29 30 32 29
29 30 33 29
29 30 34 29
29 30 35 29
29 30 36 29
29 30 37 29
29 30 38 29
29 30 39 29
29 30 40 29
29 30 41 29
29 30 42 29
29 30 43 29
29 30 44 29
29 30 45 29
29 30 46 29
29 30 47 29
29 30 48 29
29 30 49 29
29 30 50 29
29 30 51 29
29 30 52 29
29 30 53 29
29 30 54 29
29 30 55 29
29 30 56 29
29 30 57 29
29 30 58 29
29 30 59 29
29 30 60 29
29 30 30 61
29 30 31 61
29 30 32 61
29 30 33 61
29 30 34 61
29 30 35 61
29 30 36 61
29 30 37 61
29 30 38 61
29 30 39 61
29 30 40 61
29 30 41 61
29 30 42 61
29 30 43 61
29 30 44 61
29 30 45 61
29 30 46 61
29 30 47 61
29 30 48 61
29 30 49 61
29 30 50 61
29 30 51 61
29 30 52 61
29 30 53 61
29 30 54 61
29 30 55 61
29 30 56 61
29 30 57 61
29 30 58 61
29 30 59 61
29 30 60 61
29 31 29 32
29 31 29 33
29 31 29 34
29 31 29 35
29 31 29 36
29 31 29 37
29 31 29 38
29 31 29 39
29 31 29 40
29 31 29 41
29 31 29 42
29 31 29 43
29 31 29 44
29 31 29 45
29 31 29 46
29 31 29 47
29 31 29 48
29 31 29 49
29 31 29 50
29 31 29 51
29 31 29 52
29 31 29 53
29 31 29 54
29 31 29 55
29 31 29 56
29 31 29 57
29 31 29 58
29 31 29 59
29 31 29 60
29 31 29 61
29 31 61 29
29 31 61 30
29 31 61 31
29 31 61 32
29 31 61 33
29 31 61 34
29 31 61 35
29 31 61 36
29 31 61 37
29 31 61 38
29 31 61 39
29 31 61 40
29 31 61 41
29 31 61 42
29 31 61 43
29 31 61 44
29 31 61 45
29 31 61 46
29 31 61 47
29 31 61 48
29 31 61 49
29 31 61 50
29 31 61 51
29 31 61 52
29 31 61 53
29 31 61 54
29 31 61 55
29 31 61 56
29 31 61 57
29 31 61 58
29 31 61 59
29 31 61 60
29 31 61 61
29 31 30 29
29 31 31 29
29 31 32 29
29 31 33 29
29 31 34 29
29 31 35 29
29 31 36 29
29 31 37 29
29 31 38 29
29 31 39 29
29 31 40 29
29 31 41 29
29 31 42 29
29 31 43 29
29 31 44 29
29 31 45 29
29 31 46 29
29 31 47 29
29 31 48 29
29 31 49 29
29 31 50 29
29 31 51 29
29 31 52 29
29 31 53 29
29 31 54 29
29 31 55 29
29 31 56 29
29 31 57 29
29 31 58 29
29 31 59 29
29 31 60 29
29 31 30 61
29 31 31 61
29 31 32 61
29 31 33 61
29 31 34 61
29 31 35 61
29 31 36 61
29 31 37 61
29 31 38 61
29 31 39 61
29 31 40 61
29 31 41 61
29 31 42 61
29 31 43 61
29 31 44 61
29 31 45 61
29 31 46 61
29 31 47 61
29 31 48 61
29 31 49 61
29 31 50 61
29 31 51 61
29 31 52 61
29 31 53 61
29 31 54 61
29 31 55 61
29 31 56 61
29 31 57 61
29 31 58 61
29 31 59 61
29 31 60 61
29 32 29 33
29 32 29 34
29 32 29 35
29 32 29 36
29 32 29 37
29 32 29 38
29 32 29 39
29 32 29 40
29 32 29 41
29 32 29 42
29 32 29 43
29 32 29 44
29 32 29 45
29 32 29 46
29 32 29 47
29 32 29 48
29 32 29 49
29 32 29 50
29 32 29 51
29 32 29 52
29 32 29 53
29 32 29 54
29 32 29 55
29 32 29 56
29 32 29 57
29 32 29 58
29 32 29 59
29 32 29 60
29 32 29 61
29 32 61 29
29 32 61 30
29 32 61 31
29 32 61 32
29 32 61 33
29 32 61 34
29 32 61 35
29 32 61 36
29 32 61 37
29 32 61 38
29 32 61 39
29 32 61 40
29 32 61 41
29 32 61 42
29 32 61 43
29 32 61 44
29 32 61 45
29 32 61 46
29 32 61 47
29 32 61 48
29 32 61 49
29 32 61 50
29 32 61 51
29 32 61 52
29 32 61 53
29 32 61 54
29 32 61 55
29 32 61 56
29 32 61 57
29 32 61 58
29 32 61 59
29 32 61 60
29 32 61 61
29 32 30 29
29 32 31 29
29 32 32 29
29 32 33 29
29 32 34 29
29 32 35 29
29 32 36 29
29 32 37 29
29 32 38 29
29 32 39 29
29 32 40 29
29 32 41 29
29 32 42 29
29 32 43 29
29 32 44 29
29 32 45 29
29 32 46 29
29 32 47 29
29 32 48 29
29 32 49 29
29 32 50 29
29 32 51 29
29 32 52 29
29 32 53 29
29 32 54 29
29 32 55 29
29 32 56 29
29 32 57 29
29 32 58 29
29 32 59 29
29 32 60 29
29 32 30 61
29 32 31 61
29 32 32 61
29 32 33 61
29 32 34 61
29 32 35 61
29 32 36 61
29 32 37 61
29 32 38 61
29 32 39 61
29 32 40 61
29 32 41 61
29 32 42 61
29 32 43 61
29 32 44 61
29 32 45 61
29 32 46 61
29 32 47 61
29 32 48 61
29 32 49 61
29 32 50 61
29 32 51 61
29 32 52 61
29 32 53 61
29 32 54 61
29 32 55 61
29 32 56 61
29 32 57 61
29 32 58 61
29 32 59 61
29 32 60 61
29 33 29 34
29 33 29 35
29 33 29 36
29 33 29 37
29 33 29 38
29 33 29 39
29 33 29 40
29 33 29 41
29 33 29 42
29 33 29 43
29 33 29 44
29 33 29 45
29 33 29 46
29 33 29 47
29 33 29 48
29 33 29 49
29 33 29 50
29 33 29 51
29 33 29 52
29 33 29 53
29 33 29 54
29 33 29 55
29 33 29 56
29 33 29 57
29 33 29 58
29 33 29 59
29 33 29 60
29 33 29 61
29 33 61 29
29 33 61 30
29 33 61 31
29 33 61 32
29 33 61 33
29 33 61 34
29 33 61 35
29 33 61 36
29 33 61 37
29 33 61 38
29 33 61 39
29 33 61 40
29 33 61 41
29 33 61 42
29 33 61 43
29 33 61 44
29 33 61 45
29 33 61 46
29 33 61 47
29 33 61 48
29 33 61 49
29 33 61 50
29 33 61 51
29 33 61 52
29 33 61 53
29 33 61 54
29 33 61 55
29 33 61 56
29 33 61 57
29 33 61 58
29 33 61 59
29 33 61 60
29 33 61 61
29 33 30 29
29 33 31 29
29 33 32 29
29 33 33 29
29 33 34 29
29 33 35 29
29 33 36 29
29 33 37 29
29 33 38 29
29 33 39 29
29 33 40 29
29 33 41 29
29 33 42 29
29 33 43 29
29 33 44 29
29 33 45 29
29 33 46 29
29 33 47 29
29 33 48 29
29 33 49 29
29 33 50 29
29 33 51 29
29 33 52 29
29 33 53 29
29 33 54 29
29 33 55 29
29 33 56 29
29 33 57 29
29 33 58 29
29 33 59 29
29 33 60 29
29 33 30 61
29 33 31 61
29 33 32 61
29 33 33 61
29 33 34 61
29 33 35 61
29 33 36 61
29 33 37 61
29 33 38 61
29 33 39 61
29 33 40 61
29 33 41 61
29 33 42 61
29 33 43 61
29 33 44 61
29 33 45 61
29 33 46 61
29 33 47 61
29 33 48 61
29 33 49 61
29 33 50 61
29 33 51 61
29 33 52 61
29 33 53 61
29 33 54 61
29 33 55 61
29 33 56 61
29 33 57 61
29 33 58 61
29 33 59 61
29 33 60 61
29 34 29 35
29 34 29 36
29 34 29 37
29 34 29 38
29 34 29 39
29 34 29 40
29 34 29 41
29 34 29 42
29 34 29 43
29 34 29 44
29 34 29 45
29 34 29 46
29 34 29 47
29 34 29 48
29 34 29 49
29 34 29 50
29 34 29 51
29 34 29 52
29 34 29 53
29 34 29 54
29 34 29 55
29 34 29 56
29 34 29 57
29 34 29 58
29 34 29 59
29 34 29 60
29 34 29 61
29 34 61 29
29 34 61 30
29 34 61 31
29 34 61 32
29 34 61 33
29 34 61 34
29 34 61 35
29 34 61 36
29 34 61 37
29 34 61 38
29 34 61 39
29 34 61 40
29 34 61 41
29 34 61 42
29 34 61 43
29 34 61 44
29 34 61 45
29 34 61 46
29 34 61 47
29 34 61 48
29 34 61 49
29 34 61 50
29 34 61 51
29 34 61 52
29 34 61 53
29 34 61 54
29 34 61 55
29 34 61 56
29 34 61 57
29 34 61 58
29 34 61 59
29 34 61 60
29 34 61 61
29 34 30 29
29 34 31 29
29 34 32 29
29 34 33 29
29 34 34 29
29 34 35 29
29 34 36 29
29 34 37 29
29 34 38 29
29 34 39 29
29 34 40 29
29 34 41 29
29 34 42 29
29 34 43 29
29 34 44 29
29 34 45 29
29 34 46 29
29 34 47 29
29 34 48 29
29 34 49 29
29 34 50 29
29 34 51 29
29 34 52 29
29 34 53 29
29 34 54 29
29 34 55 29
29 34 56 29
29 34 57 29
29 34 58 29
29 34 59 29
29 34 60 29
29 34 30 61
29 34 31 61
29 34 32 61
29 34 33 61
29 34 34 61
29 34 35 61
29 34 36 61
29 34 37 61
29 34 38 61
29 34 39 61
29 34 40 61
29 34 41 61
29 34 42 61
29 34 43 61
29 34 44 61
29 34 45 61
29 34 46 61
29 34 47 61
29 34 48 61
29 34 49 61
29 34 50 61
29 34 51 61
29 34 52 61
29 34 53 61
29 34 54 61
29 34 55 61
29 34 56 61
29 34 57 61
29 34 58 61
29 34 59 61
29 34 60 61
29 35 29 36
29 35 29 37
29 35 29 38
29 35 29 39
29 35 29 40
29 35 29 41
29 35 29 42
29 35 29 43
29 35 29 44
29 35 29 45
29 35 29 46
29 35 29 47
29 35 29 48
29 35 29 49
29 35 29 50
29 35 29 51
29 35 29 52
29 35 29 53
29 35 29 54
29 35 29 55
29 35 29 56
29 35 29 57
29 35 29 58
29 35 29 59
29 35 29 60
29 35 29 61
29 35 61 29
29 35 61 30
29 35 61 31
29 35 61 32
29 35 61 33
29 35 61 34
29 35 61 35
29 35 61 36
29 35 61 37
29 35 61 38
29 35 61 39
29 35 61 40
29 35 61 41
29 35 61 42
29 35 61 43
29 35 61 44
29 35 61 45
29 35 61 46
29 35 61 47
29 35 61 48
29 35 61 49
29 35 61 50
29 35 61 51
29 35 61 52
29 35 61 53
29 35 61 54
29 35 61 55
29 35 61 56
29 35 61 57
29 35 61 58
29 35 61 59
29 35 61 60
29 35 61 61
29 35 30 29
29 35 31 29
29 35 32 29
29 35 33 29
29 35 34 29
29 35 35 29
29 35 36 29
29 35 37 29
29 35 38 29
29 35 39 29
29 35 40 29
29 35 41 29
29 35 42 29
29 35 43 29
29 35 44 29
29 35 45 29
29 35 46 29
29 35 47 29
29 35 48 29
29 35 49 29
29 35 50 29
29 35 51 29
29 35 52 29
29 35 53 29
29 35 54 29
29 35 55 29
29 35 56 29
29 35 57 29
29 35 58 29
29 35 59 29
29 35 60 29
29 35 30 61
29 35 31 61
29 35 32 61
29 35 33 61
29 35 34 61
29 35 35 61
29 35 36 61
29 35 37 61
29 35 38 61
29 35 39 61
29 35 40 61
29 35 41 61
29 35 42 61
29 35 43 61
29 35 44 61
29 35 45 61
29 35 46 61
29 35 47 61
29 35 48 61
29 35 49 61
29 35 50 61
29 35 51 61
29 35 52 61
29 35 53 61
29 35 54 61
29 35 55 61
29 35 56 61
29 35 57 61
29 35 58 61
29 35 59 61
29 35 60 61
29 36 29 37
29 36 29 38
29 36 29 39
29 36 29 40
29 36 29 41
29 36 29 42
29 36 29 43
29 36 29 44
29 36 29 45
29 36 29 46
29 36 29 47
29 36 29 48
29 36 29 49
29 36 29 50
29 36 29 51
29 36 29 52
29 36 29 53
29 36 29 54
29 36 29 55
29 36 29 56
29 36 29 57
29 36 29 58
29 36 29 59
29 36 29 60
29 36 29 61
29 36 61 29
29 36 61 30
29 36 61 31
29 36 61 32
29 36 61 33
29 36 61 34
29 36 61 35
29 36 61 36
29 36 61 37
29 36 61 38
29 36 61 39
29 36 61 40
29 36 61 41
29 36 61 42
29 36 61 43
29 36 61 44
29 36 61 45
29 36 61 46
29 36 61 47
29 36 61 48
29 36 61 49
29 36 61 50
29 36 61 51
29 36 61 52
29 36 61 53
29 36 61 54
29 36 61 55
29 36 61 56
29 36 61 57
29 36 61 58
29 36 61 59
29 36 61 60
29 36 61 61
29 36 30 29
29 36 31 29
29 36 32 29
29 36 33 29
29 36 34 29
29 36 35 29
29 36 36 29
29 36 37 29
29 36 38 29
29 36 39 29
29 36 40 29
29 36 41 29
29 36 42 29
29 36 43 29
29 36 44 29
29 36 45 29
29 36 46 29
29 36 47 29
29 36 48 29
29 36 49 29
29 36 50 29
29 36 51 29
29 36 52 29
29 36 53 29
29 36 54 29
29 36 55 29
29 36 56 29
29 36 57 29
29 36 58 29
29 36 59 29
29 36 60 29
29 36 30 61
29 36 31 61
29 36 32 61
29 36 33 61
29 36 34 61
29 36 35 61
29 36 36 61
29 36 37 61
29 36 38 61
29 36 39 61
29 36 40 61
29 36 41 61
29 36 42 61
29 36 43 61
29 36 44 61
29 36 45 61
29 36 46 61
29 36 47 61
29 36 48 61
29 36 49 61
29 36 50 61
29 36 51 61
29 36 52 61
29 36 53 61
29 36 54 61
29 36 55 61
29 36 56 61
29 36 57 61
29 36 58 61
29 36 59 61
29 36 60 61
29 37 29 38
29 37 29 39
29 37 29 40
29 37 29 41
29 37 29 42
29 37 29 43
29 37 29 44
29 37 29 45
29 37 29 46
29 37 29 47
29 37 29 48
29 37 29 49
29 37 29 50
29 37 29 51
29 37 29 52
29 37 29 53
29 37 29 54
29 37 29 55
29 37 29 56
29 37 29 57
29 37 29 58
29 37 29 59
29 37 29 60
29 37 29 61
29 37 61 29
29 37 61 30
29 37 61 31
29 37 61 32
29 37 61 33
29 37 61 34
29 37 61 35
29 37 61 36
29 37 61 37
29 37 61 38
29 37 61 39
29 37 61 40
29 37 61 41
29 37 61 42
29 37 61 43
29 37 61 44
29 37 61 45
29 37 61 46
29 37 61 47
29 37 61 48
29 37 61 49
29 37 61 50
29 37 61 51
29 37 61 52
29 37 61 53
29 37 61 54
29 37 61 55
29 37 61 56
29 37 61 57
29 37 61 58
29 37 61 59
29 37 61 60
29 37 61 61
29 37 30 29
29 37 31 29
29 37 32 29
29 37 33 29
29 37 34 29
29 37 35 29
29 37 36 29
29 37 37 29
29 37 38 29
29 37 39 29
29 37 40 29
29 37 41 29
29 37 42 29
29 37 43 29
29 37 44 29
29 37 45 29
29 37 46 29
29 37 47 29
29 37 48 29
29 37 49 29
29 37 50 29
29 37 51 29
29 37 52 29
29 37 53 29
29 37 54 29
29 37 55 29
29 37 56 29
29 37 57 29
29 37 58 29
29 37 59 29
29 37 60 29
29 37 30 61
29 37 31 61
29 37 32 61
29 37 33 61
29 37 34 61
29 37 35 61
29 37 36 61
29 37 37 61
29 37 38 61
29 37 39 61
29 37 40 61
29 37 41 61
29 37 42 61
29 37 43 61
29 37 44 61
29 37 45 61
29 37 46 61
29 37 47 61
29 37 48 61
29 37 49 61
29 37 50 61
29 37 51 61
29 37 52 61
29 37 53 61
29 37 54 61
29 37 55 61
29 37 56 61
29 37 57 61
29 37 58 61
29 37 59 61
29 37 60 61
29 38 29 39
29 38 29 40
29 38 29 41
29 38 29 42
29 38 29 43
29 38 29 44
29 38 29 45
29 38 29 46
29 38 29 47
29 38 29 48
29 38 29 49
29 38 29 50
29 38 29 51
29 38 29 52
29 38 29 53
29 38 29 54
29 38 29 55
29 38 29 56
29 38 29 57
29 38 29 58
29 38 29 59
29 38 29 60
29 38 29 61
29 38 61 29
29 38 61 30
29 38 61 31
29 38 61 32
29 38 61 33
29 38 61 34
29 38 61 35
29 38 61 36
29 38 61 37
29 38 61 38
29 38 61 39
29 38 61 40
29 38 61 41
29 38 61 42
29 38 61 43
29 38 61 44
29 38 61 45
29 38 61 46
29 38 61 47
29 38 61 48
29 38 61 49
29 38 61 50
29 38 61 51
29 38 61 52
29 38 61 53
29 38 61 54
29 38 61 55
29 38 61 56
29 38 61 57
29 38 61 58
29 38 61 59
29 38 61 60
29 38 61 61
29 38 30 29
29 38 31 29
29 38 32 29
29 38 33 29
29 38 34 29
29 38 35 29
29 38 36 29
29 38 37 29
29 38 38 29
29 38 39 29
29 38 40 29
29 38 41 29
29 38 42 29
29 38 43 29
29 38 44 29
29 38 45 29
29 38 46 29
29 38 47 29
29 38 48 29
29 38 49 29
29 38 50 29
29 38 51 29
29 38 52 29
29 38 53 29
29 38 54 29
29 38 55 29
29 38 56 29
29 38 57 29
29 38 58 29
29 38 59 29
29 38 60 29
29 38 30 61
29 38 31 61
29 38 32 61
29 38 33 61
29 38 34 61
29 38 35 61
29 38 36 61
29 38 37 61
29 38 38 61
29 38 39 61
29 38 40 61
29 38 41 61
29 38 42 61
29 38 43 61
29 38 44 61
29 38 45 61
29 38 46 61
29 38 47 61
29 38 48 61
29 38 49 61
29 38 50 61
29 38 51 61
29 38 52 61
29 38 53 61
29 38 54 61
29 38 55 61
29 38 56 61
29 38 57 61
29 38 58 61
29 38 59 61
29 38 60 61
29 39 29 40
29 39 29 41
29 39 29 42
29 39 29 43
29 39 29 44
29 39 29 45
29 39 29 46
29 39 29 47
29 39 29 48
29 39 29 49
29 39 29 50
29 39 29 51
29 39 29 52
29 39 29 53
29 39 29 54
29 39 29 55
29 39 29 56
29 39 29 57
29 39 29 58
29 39 29 59
29 39 29 60
29 39 29 61
29 39 61 29
29 39 61 30
29 39 61 31
29 39 61 32
29 39 61 33
29 39 61 34
29 39 61 35
29 39 61 36
29 39 61 37
29 39 61 38
29 39 61 39
29 39 61 40
29 39 61 41
29 39 61 42
29 39 61 43
29 39 61 44
29 39 61 45
29 39 61 46
29 39 61 47
29 39 61 48
29 39 61 49
29 39 61 50
29 39 61 51
29 39 61 52
29 39 61 53
29 39 61 54
29 39 61 55
29 39 61 56
29 39 61 57
29 39 61 58
29 39 61 59
29 39 61 60
29 39 61 61
29 39 30 29
29 39 31 29
29 39 32 29
29 39 33 29
29 39 34 29
29 39 35 29
29 39 36 29
29 39 37 29
29 39 38 29
29 39 39 29
29 39 40 29
29 39 41 29
29 39 42 29
29 39 43 29
29 39 44 29
29 39 45 29
29 39 46 29
29 39 47 29
29 39 48 29
29 39 49 29
29 39 50 29
29 39 51 29
29 39 52 29
29 39 53 29
29 39 54 29
29 39 55 29
29 39 56 29
29 39 57 29
29 39 58 29
29 39 59 29
29 39 60 29
29 39 30 61
29 39 31 61
29 39 32 61
29 39 33 61
29 39 34 61
29 39 35 61
29 39 36 61
29 39 37 61
29 39 38 61
29 39 39 61
29 39 40 61
29 39 41 61
29 39 42 61
29 39 43 61
29 39 44 61
29 39 45 61
29 39 46 61
29 39 47 61
29 39 48 61
29 39 49 61
29 39 50 61
29 39 51 61
29 39 52 61
29 39 53 61
29 39 54 61
29 39 55 61
29 39 56 61
29 39 57 61
29 39 58 61
29 39 59 61
29 39 60 61
29 40 29 41
29 40 29 42
29 40 29 43
29 40 29 44
29 40 29 45
29 40 29 46
29 40 29 47
29 40 29 48
29 40 29 49
29 40 29 50
29 40 29 51
29 40 29 52
29 40 29 53
29 40 29 54
29 40 29 55
29 40 29 56
29 40 29 57
29 40 29 58
29 40 29 59
29 40 29 60
29 40 29 61
29 40 61 29
29 40 61 30
29 40 61 31
29 40 61 32
29 40 61 33
29 40 61 34
29 40 61 35
29 40 61 36
29 40 61 37
29 40 61 38
29 40 61 39
29 40 61 40
29 40 61 41
29 40 61 42
29 40 61 43
29 40 61 44
29 40 61 45
29 40 61 46
29 40 61 47
29 40 61 48
29 40 61 49
29 40 61 50
29 40 61 51
29 40 61 52
29 40 61 53
29 40 61 54
29 40 61 55
29 40 61 56
29 40 61 57
29 40 61 58
29 40 61 59
29 40 61 60
29 40 61 61
29 40 30 29
29 40 31 29
29 40 32 29
29 40 33 29
29 40 34 29
29 40 35 29
29 40 36 29
29 40 37 29
29 40 38 29
29 40 39 29
29 40 40 29
29 40 41 29
29 40 42 29
29 40 43 29
29 40 44 29
29 40 45 29
29 40 46 29
29 40 47 29
29 40 48 29
29 40 49 29
29 40 50 29
29 40 51 29
29 40 52 29
29 40 53 29
29 40 54 29
29 40 55 29
29 40 56 29
29 40 57 29
29 40 58 29
29 40 59 29
29 40 60 29
29 40 30 61
29 40 31 61
29 40 32 61
29 40 33 61
29 40 34 61
29 40 35 61
29 40 36 61
29 40 37 61
29 40 38 61
29 40 39 61
29 40 40 61
29 40 41 61
29 40 42 61
29 40 43 61
29 40 44 61
29 40 45 61
29 40 46 61
29 40 47 61
29 40 48 61
29 40 49 61
29 40 50 61
29 40 51 61
29 40 52 61
29 40 53 61
29 40 54 61
29 40 55 61
29 40 56 61
29 40 57 61
29 40 58 61
29 40 59 61
29 40 60 61
29 41 29 42
29 41 29 43
29 41 29 44
29 41 29 45
29 41 29 46
29 41 29 47
29 41 29 48
29 41 29 49
29 41 29 50
29 41 29 51
29 41 29 52
29 41 29 53
29 41 29 54
29 41 29 55
29 41 29 56
29 41 29 57
29 41 29 58
29 41 29 59
29 41 29 60
29 41 29 61
29 41 61 29
29 41 61 30
29 41 61 31
29 41 61 32
29 41 61 33
29 41 61 34
29 41 61 35
29 41 61 36
29 41 61 37
29 41 61 38
29 41 61 39
29 41 61 40
29 41 61 41
29 41 61 42
29 41 61 43
29 41 61 44
29 41 61 45
29 41 61 46
29 41 61 47
29 41 61 48
29 41 61 49
29 41 61 50
29 41 61 51
29 41 61 52
29 41 61 53
29 41 61 54
29 41 61 55
29 41 61 56
29 41 61 57
29 41 61 58
29 41 61 59
29 41 61 60
29 41 61 61
29 41 30 29
29 41 31 29
29 41 32 29
29 41 33 29
29 41 34 29
29 41 35 29
29 41 36 29
29 41 37 29
29 41 38 29
29 41 39 29
29 41 40 29
29 41 41 29
29 41 42 29
29 41 43 29
29 41 44 29
29 41 45 29
29 41 46 29
29 41 47 29
29 41 48 29
29 41 49 29
29 41 50 29
29 41 51 29
29 41 52 29
29 41 53 29
29 41 54 29
29 41 55 29
29 41 56 29
29 41 57 29
29 41 58 29
29 41 59 29
29 41 60 29
29 41 30 61
29 41 31 61
29 41 32 61
29 41 33 61
29 41 34 61
29 41 35 61
29 41 36 61
29 41 37 61
29 41 38 61
29 41 39 61
29 41 40 61
29 41 41 61
29 41 42 61
29 41 43 61
29 41 44 61
29 41 45 61
29 41 46 61
29 41 47 61
29 41 48 61
29 41 49 61
29 41 50 61
29 41 51 61
29 41 52 61
29 41 53 61
29 41 54 61
29 41 55 61
29 41 56 61
29 41 57 61
29 41 58 61
29 41 59 61
29 41 60 61
29 42 29 43
29 42 29 44
29 42 29 45
29 42 29 46
29 42 29 47
29 42 29 48
29 42 29 49
29 42 29 50
29 42 29 51
29 42 29 52
29 42 29 53
29 42 29 54
29 42 29 55
29 42 29 56
29 42 29 57
29 42 29 58
29 42 29 59
29 42 29 60
29 42 29 61
29 42 61 29
29 42 61 30
29 42 61 31
29 42 61 32
29 42 61 33
29 42 61 34
29 42 61 35
29 42 61 36
29 42 61 37
29 42 61 38
29 42 61 39
29 42 61 40
29 42 61 41
29 42 61 42
29 42 61 43
29 42 61 44
29 42 61 45
29 42 61 46
29 42 61 47
29 42 61 48
29 42 61 49
29 42 61 50
29 42 61 51
29 42 61 52
29 42 61 53
29 42 61 54
29 42 61 55
29 42 61 56
29 42 61 57
29 42 61 58
29 42 61 59
29 42 61 60
29 42 61 61
29 42 30 29
29 42 31 29
29 42 32 29
29 42 33 29
29 42 34 29
29 42 35 29
29 42 36 29
29 42 37 29
29 42 38 29
29 42 39 29
29 42 40 29
29 42 41 29
29 42 42 29
29 42 43 29
29 42 44 29
29 42 45 29
29 42 46 29
29 42 47 29
29 42 48 29
29 42 49 29
29 42 50 29
29 42 51 29
29 42 52 29
29 42 53 29
29 42 54 29
29 42 55 29
29 42 56 29
29 42 57 29
29 42 58 29
29 42 59 29
29 42 60 29
29 42 30 61
29 42 31 61
29 42 32 61
29 42 33 61
29 42 34 61
29 42 35 61
29 42 36 61
29 42 37 61
29 42 38 61
29 42 39 61
29 42 40 61
29 42 41 61
29 42 42 61
29 42 43 61
29 42 44 61
29 42 45 61
29 42 46 61
29 42 47 61
29 42 48 61
29 42 49 61
29 42 50 61
29 42 51 61
29 42 52 61
29 42 53 61
29 42 54 61
29 42 55 61
29 42 56 61
29 42 57 61
29 42 58 61
29 42 59 61
29 42 60 61
29 43 29 44
29 43 29 45
29 43 29 46
29 43 29 47
29 43 29 48
29 43 29 49
29 43 29 50
29 43 29 51
29 43 29 52
29 43 29 53
29 43 29 54
29 43 29 55
29 43 29 56
29 43 29 57
29 43 29 58
29 43 29 59
29 43 29 60
29 43 29 61
29 43 61 29
29 43 61 30
29 43 61 31
29 43 61 32
29 43 61 33
29 43 61 34
29 43 61 35
29 43 61 36
29 43 61 37
29 43 61 38
29 43 61 39
29 43 61 40
29 43 61 41
29 43 61 42
29 43 61 43
29 43 61 44
29 43 61 45
29 43 61 46
29 43 61 47
29 43 61 48
29 43 61 49
29 43 61 50
29 43 61 51
29 43 61 52
29 43 61 53
29 43 61 54
29 43 61 55
29 43 61 56
29 43 61 57
29 43 61 58
29 43 61 59
29 43 61 60
29 43 61 61
29 43 30 29
29 43 31 29
29 43 32 29
29 43 33 29
29 43 34 29
29 43 35 29
29 43 36 29
29 43 37 29
29 43 38 29
29 43 39 29
29 43 40 29
29 43 41 29
29 43 42 29
29 43 43 29
29 43 44 29
29 43 45 29
29 43 46 29
29 43 47 29
29 43 48 29
29 43 49 29
29 43 50 29
29 43 51 29
29 43 52 29
29 43 53 29
29 43 54 29
29 43 55 29
29 43 56 29
29 43 57 29
29 43 58 29
29 43 59 29
29 43 60 29
29 43 30 61
29 43 31 61
29 43 32 61
29 43 33 61
29 43 34 61
29 43 35 61
29 43 36 61
29 43 37 61
29 43 38 61
29 43 39 61
29 43 40 61
29 43 41 61
29 43 42 61
29 43 43 61
29 43 44 61
29 43 45 61
29 43 46 61
29 43 47 61
29 43 48 61
29 43 49 61
29 43 50 61
29 43 51 61
29 43 52 61
29 43 53 61
29 43 54 61
29 43 55 61
29 43 56 61
29 43 57 61
29 43 58 61
29 43 59 61
29 43 60 61
29 44 29 45
29 44 29 46
29 44 29 47
29 44 29 48
29 44 29 49
29 44 29 50
29 44 29 51
29 44 29 52
29 44 29 53
29 44 29 54
29 44 29 55
29 44 29 56
29 44 29 57
29 44 29 58
29 44 29 59
29 44 29 60
29 44 29 61
29 44 61 29
29 44 61 30
29 44 61 31
29 44 61 32
29 44 61 33
29 44 61 34
29 44 61 35
29 44 61 36
29 44 61 37
29 44 61 38
29 44 61 39
29 44 61 40
29 44 61 41
29 44 61 42
29 44 61 43
29 44 61 44
29 44 61 45
29 44 61 46
29 44 61 47
29 44 61 48
29 44 61 49
29 44 61 50
29 44 61 51
29 44 61 52
29 44 61 53
29 44 61 54
29 44 61 55
29 44 61 56
29 44 61 57
29 44 61 58
29 44 61 59
29 44 61 60
29 44 61 61
29 44 30 29
29 44 31 29
29 44 32 29
29 44 33 29
29 44 34 29
29 44 35 29
29 44 36 29
29 44 37 29
29 44 38 29
29 44 39 29
29 44 40 29
29 44 41 29
29 44 42 29
29 44 43 29
29 44 44 29
29 44 45 29
29 44 46 29
29 44 47 29
29 44 48 29
29 44 49 29
29 44 50 29
29 44 51 29
29 44 52 29
29 44 53 29
29 44 54 29
29 44 55 29
29 44 56 29
29 44 57 29
29 44 58 29
29 44 59 29
29 44 60 29
29 44 30 61
29 44 31 61
29 44 32 61
29 44 33 61
29 44 34 61
29 44 35 61
29 44 36 61
29 44 37 61
29 44 38 61
29 44 39 61
29 44 40 61
29 44 41 61
29 44 42 61
29 44 43 61
29 44 44 61
29 44 45 61
29 44 46 61
29 44 47 61
29 44 48 61
29 44 49 61
29 44 50 61
29 44 51 61
29 44 52 61
29 44 53 61
29 44 54 61
29 44 55 61
29 44 56 61
29 44 57 61
29 44 58 61
29 44 59 61
29 44 60 61
29 45 29 46
29 45 29 47
29 45 29 48
29 45 29 49
29 45 29 50
29 45 29 51
29 45 29 52
29 45 29 53
29 45 29 54
29 45 29 55
29 45 29 56
29 45 29 57
29 45 29 58
29 45 29 59
29 45 29 60
29 45 29 61
29 45 61 29
29 45 61 30
29 45 61 31
29 45 61 32
29 45 61 33
29 45 61 34
29 45 61 35
29 45 61 36
29 45 61 37
29 45 61 38
29 45 61 39
29 45 61 40
29 45 61 41
29 45 61 42
29 45 61 43
29 45 61 44
29 45 61 45
29 45 61 46
29 45 61 47
29 45 61 48
29 45 61 49
29 45 61 50
29 45 61 51
29 45 61 52
29 45 61 53
29 45 61 54
29 45 61 55
29 45 61 56
29 45 61 57
29 45 61 58
29 45 61 59
29 45 61 60
29 45 61 61
29 45 30 29
29 45 31 29
29 45 32 29
29 45 33 29
29 45 34 29
29 45 35 29
29 45 36 29
29 45 37 29
29 45 38 29
29 45 39 29
29 45 40 29
29 45 41 29
29 45 42 29
29 45 43 29
29 45 44 29
29 45 45 29
29 45 46 29
29 45 47 29
29 45 48 29
29 45 49 29
29 45 50 29
29 45 51 29
29 45 52 29
29 45 53 29
29 45 54 29
29 45 55 29
29 45 56 29
29 45 57 29
29 45 58 29
29 45 59 29
29 45 60 29
29 45 30 61
29 45 31 61
29 45 32 61
29 45 33 61
29 45 34 61
29 45 35 61
29 45 36 61
29 45 37 61
29 45 38 61
29 45 39 61
29 45 40 61
29 45 41 61
29 45 42 61
29 45 43 61
29 45 44 61
29 45 45 61
29 45 46 61
29 45 47 61
29 45 48 61
29 45 49 61
29 45 50 61
29 45 51 61
29 45 52 61
29 45 53 61
29 45 54 61
29 45 55 61
29 45 56 61
29 45 57 61
29 45 58 61
29 45 59 61
29 45 60 61
29 46 29 47
29 46 29 48
29 46 29 49
29 46 29 50
29 46 29 51
29 46 29 52
29 46 29 53
29 46 29 54
29 46 29 55
29 46 29 56
29 46 29 57
29 46 29 58
29 46 29 59
29 46 29 60
29 46 29 61
29 46 61 29
29 46 61 30
29 46 61 31
29 46 61 32
29 46 61 33
29 46 61 34
29 46 61 35
29 46 61 36
29 46 61 37
29 46 61 38
29 46 61 39
29 46 61 40
29 46 61 41
29 46 61 42
29 46 61 43
29 46 61 44
29 46 61 45
29 46 61 46
29 46 61 47
29 46 61 48
29 46 61 49
29 46 61 50
29 46 61 51
29 46 61 52
29 46 61 53
29 46 61 54
29 46 61 55
29 46 61 56
29 46 61 57
29 46 61 58
29 46 61 59
29 46 61 60
29 46 61 61
29 46 30 29
29 46 31 29
29 46 32 29
29 46 33 29
29 46 34 29
29 46 35 29
29 46 36 29
29 46 37 29
29 46 38 29
29 46 39 29
29 46 40 29
29 46 41 29
29 46 42 29
29 46 43 29
29 46 44 29
29 46 45 29
29 46 46 29
29 46 47 29
29 46 48 29
29 46 49 29
29 46 50 29
29 46 51 29
29 46 52 29
29 46 53 29
29 46 54 29
29 46 55 29
29 46 56 29
29 46 57 29
29 46 58 29
29 46 59 29
29 46 60 29
29 46 30 61
29 46 31 61
29 46 32 61
29 46 33 61
29 46 34 61
29 46 35 61
29 46 36 61
29 46 37 61
29 46 38 61
29 46 39 61
29 46 40 61
29 46 41 61
29 46 42 61
29 46 43 61
29 46 44 61
29 46 45 61
29 46 46 61
29 46 47 61
29 46 48 61
29 46 49 61
29 46 50 61
29 46 51 61
29 46 52 61
29 46 53 61
29 46 54 61
29 46 55 61
29 46 56 61
29 46 57 61
29 46 58 61
29 46 59 61
29 46 60 61
29 47 29 48
29 47 29 49
29 47 29 50
29 47 29 51
29 47 29 52
29 47 29 53
29 47 29 54
29 47 29 55
29 47 29 56
29 47 29 57
29 47 29 58
29 47 29 59
29 47 29 60
29 47 29 61
29 47 61 29
29 47 61 30
29 47 61 31
29 47 61 32
29 47 61 33
29 47 61 34
29 47 61 35
29 47 61 36
29 47 61 37
29 47 61 38
29 47 61 39
29 47 61 40
29 47 61 41
29 47 61 42
29 47 61 43
29 47 61 44
29 47 61 45
29 47 61 46
29 47 61 47
29 47 61 48
29 47 61 49
29 47 61 50
29 47 61 51
29 47 61 52
29 47 61 53
29 47 61 54
29 47 61 55
29 47 61 56
29 47 61 57
29 47 61 58
29 47 61 59
29 47 61 60
29 47 61 61
29 47 30 29
29 47 31 29
29 47 32 29
29 47 33 29
29 47 34 29
29 47 35 29
29 47 36 29
29 47 37 29
29 47 38 29
29 47 39 29
29 47 40 29
29 47 41 29
29 47 42 29
29 47 43 29
29 47 44 29
29 47 45 29
29 47 46 29
29 47 47 29
29 47 48 29
29 47 49 29
29 47 50 29
29 47 51 29
29 47 52 29
29 47 53 29
29 47 54 29
29 47 55 29
29 47 56 29
29 47 57 29
29 47 58 29
29 47 59 29
29 47 60 29
29 47 30 61
29 47 31 61
29 47 32 61
29 47 33 61
29 47 34 61
29 47 35 61
29 47 36 61
29 47 37 61
29 47 38 61
29 47 39 61
29 47 40 61
29 47 41 61
29 47 42 61
29 47 43 61
29 47 44 61
29 47 45 61
29 47 46 61
29 47 47 61
29 47 48 61
29 47 49 61
29 47 50 61
29 47 51 61
29 47 52 61
29 47 53 61
29 47 54 61
29 47 55 61
29 47 56 61
29 47 57 61
29 47 58 61
29 47 59 61
29 47 60 61
29 48 29 49
29 48 29 50
29 48 29 51
29 48 29 52
29 48 29 53
29 48 29 54
29 48 29 55
29 48 29 56
29 48 29 57
29 48 29 58
29 48 29 59
29 48 29 60
29 48 29 61
29 48 61 29
29 48 61 30
29 48 61 31
29 48 61 32
29 48 61 33
29 48 61 34
29 48 61 35
29 48 61 36
29 48 61 37
29 48 61 38
29 48 61 39
29 48 61 40
29 48 61 41
29 48 61 42
29 48 61 43
29 48 61 44
29 48 61 45
29 48 61 46
29 48 61 47
29 48 61 48
29 48 61 49
29 48 61 50
29 48 61 51
29 48 61 52
29 48 61 53
29 48 61 54
29 48 61 55
29 48 61 56
29 48 61 57
29 48 61 58
29 48 61 59
29 48 61 60
29 48 61 61
29 48 30 29
29 48 31 29
29 48 32 29
29 48 33 29
29 48 34 29
29 48 35 29
29 48 36 29
29 48 37 29
29 48 38 29
29 48 39 29
29 48 40 29
29 48 41 29
29 48 42 29
29 48 43 29
29 48 44 29
29 48 45 29
29 48 46 29
29 48 47 29
29 48 48 29
29 48 49 29
29 48 50 29
29 48 51 29
29 48 52 29
29 48 53 29
29 48 54 29
29 48 55 29
29 48 56 29
29 48 57 29
29 48 58 29
29 48 59 29
29 48 60 29
29 48 30 61
29 48 31 61
29 48 32 61
29 48 33 61
29 48 34 61
29 48 35 61
29 48 36 61
29 48 37 61
29 48 38 61
29 48 39 61
29 48 40 61
29 48 41 61
29 48 42 61
29 48 43 61
29 48 44 61
29 48 45 61
29 48 46 61
29 48 47 61
29 48 48 61
29 48 49 61
29 48 50 61
29 48 51 61
29 48 52 61
29 48 53 61
29 48 54 61
29 48 55 61
29 48 56 61
29 48 57 61
29 48 58 61
29 48 59 61
29 48 60 61
29 49 29 50
29 49 29 51
29 49 29 52
29 49 29 53
29 49 29 54
29 49 29 55
29 49 29 56
29 49 29 57
29 49 29 58
29 49 29 59
29 49 29 60
29 49 29 61
29 49 61 29
29 49 61 30
29 49 61 31
29 49 61 32
29 49 61 33
29 49 61 34
29 49 61 35
29 49 61 36
29 49 61 37
29 49 61 38
29 49 61 39
29 49 61 40
29 49 61 41
29 49 61 42
29 49 61 43
29 49 61 44
29 49 61 45
29 49 61 46
29 49 61 47
29 49 61 48
29 49 61 49
29 49 61 50
29 49 61 51
29 49 61 52
29 49 61 53
29 49 61 54
29 49 61 55
29 49 61 56
29 49 61 57
29 49 61 58
29 49 61 59
29 49 61 60
29 49 61 61
29 49 30 29
29 49 31 29
29 49 32 29
29 49 33 29
29 49 34 29
29 49 35 29
29 49 36 29
29 49 37 29
29 49 38 29
29 49 39 29
29 49 40 29
29 49 41 29
29 49 42 29
29 49 43 29
29 49 44 29
29 49 45 29
29 49 46 29
29 49 47 29
29 49 48 29
29 49 49 29
29 49 50 29
29 49 51 29
29 49 52 29
29 49 53 29
29 49 54 29
29 49 55 29
29 49 56 29
29 49 57 29
29 49 58 29
29 49 59 29
29 49 60 29
29 49 30 61
29 49 31 61
29 49 32 61
29 49 33 61
29 49 34 61
29 49 35 61
29 49 36 61
29 49 37 61
29 49 38 61
29 49 39 61
29 49 40 61
29 49 41 61
29 49 42 61
29 49 43 61
29 49 44 61
29 49 45 61
29 49 46 61
29 49 47 61
29 49 48 61
29 49 49 61
29 49 50 61
29 49 51 61
29 49 52 61
29 49 53 61
29 49 54 61
29 49 55 61
29 49 56 61
29 49 57 61
29 49 58 61
29 49 59 61
29 49 60 61
29 50 29 51
29 50 29 52
29 50 29 53
29 50 29 54
29 50 29 55
29 50 29 56
29 50 29 57
29 50 29 58
29 50 29 59
29 50 29 60
29 50 29 61
29 50 61 29
29 50 61 30
29 50 61 31
29 50 61 32
29 50 61 33
29 50 61 34
29 50 61 35
29 50 61 36
29 50 61 37
29 50 61 38
29 50 61 39
29 50 61 40
29 50 61 41
29 50 61 42
29 50 61 43
29 50 61 44
29 50 61 45
29 50 61 46
29 50 61 47
29 50 61 48
29 50 61 49
29 50 61 50
29 50 61 51
29 50 61 52
29 50 61 53
29 50 61 54
29 50 61 55
29 50 61 56
29 50 61 57
29 50 61 58
29 50 61 59
29 50 61 60
29 50 61 61
29 50 30 29
29 50 31 29
29 50 32 29
29 50 33 29
29 50 34 29
29 50 35 29
29 50 36 29
29 50 37 29
29 50 38 29
29 50 39 29
29 50 40 29
29 50 41 29
29 50 42 29
29 50 43 29
29 50 44 29
29 50 45 29
29 50 46 29
29 50 47 29
29 50 48 29
29 50 49 29
29 50 50 29
29 50 51 29
29 50 52 29
29 50 53 29
29 50 54 29
29 50 55 29
29 50 56 29
29 50 57 29
29 50 58 29
29 50 59 29
29 50 60 29
29 50 30 61
29 50 31 61
29 50 32 61
29 50 33 61
29 50 34 61
29 50 35 61
29 50 36 61
29 50 37 61
29 50 38 61
29 50 39 61
29 50 40 61
29 50 41 61
29 50 42 61
29 50 43 61
29 50 44 61
29 50 45 61
29 50 46 61
29 50 47 61
29 50 48 61
29 50 49 61
29 50 50 61
29 50 51 61
29 50 52 61
29 50 53 61
29 50 54 61
29 50 55 61
29 50 56 61
29 50 57 61
29 50 58 61
29 50 59 61
29 50 60 61
29 51 29 52
29 51 29 53
29 51 29 54
29 51 29 55
29 51 29 56
29 51 29 57
29 51 29 58
29 51 29 59
29 51 29 60
29 51 29 61
29 51 61 29
29 51 61 30
29 51 61 31
29 51 61 32
29 51 61 33
29 51 61 34
29 51 61 35
29 51 61 36
29 51 61 37
29 51 61 38
29 51 61 39
29 51 61 40
29 51 61 41
29 51 61 42
29 51 61 43
29 51 61 44
29 51 61 45
29 51 61 46
29 51 61 47
29 51 61 48
29 51 61 49
29 51 61 50
29 51 61 51
29 51 61 52
29 51 61 53
29 51 61 54
29 51 61 55
29 51 61 56
29 51 61 57
29 51 61 58
29 51 61 59
29 51 61 60
29 51 61 61
29 51 30 29
29 51 31 29
29 51 32 29
29 51 33 29
29 51 34 29
29 51 35 29
29 51 36 29
29 51 37 29
29 51 38 29
29 51 39 29
29 51 40 29
29 51 41 29
29 51 42 29
29 51 43 29
29 51 44 29
29 51 45 29
29 51 46 29
29 51 47 29
29 51 48 29
29 51 49 29
29 51 50 29
29 51 51 29
29 51 52 29
29 51 53 29
29 51 54 29
29 51 55 29
29 51 56 29
29 51 57 29
29 51 58 29
29 51 59 29
29 51 60 29
29 51 30 61
29 51 31 61
29 51 32 61
29 51 33 61
29 51 34 61
29 51 35 61
29 51 36 61
29 51 37 61
29 51 38 61
29 51 39 61
29 51 40 61
29 51 41 61
29 51 42 61
29 51 43 61
29 51 44 61
29 51 45 61
29 51 46 61
29 51 47 61
29 51 48 61
29 51 49 61
29 51 50 61
29 51 51 61
29 51 52 61
29 51 53 61
29 51 54 61
29 51 55 61
29 51 56 61
29 51 57 61
29 51 58 61
29 51 59 61
29 51 60 61
29 52 29 53
29 52 29 54
29 52 29 55
29 52 29 56
29 52 29 57
29 52 29 58
29 52 29 59
29 52 29 60
29 52 29 61
29 52 61 29
29 52 61 30
29 52 61 31
29 52 61 32
29 52 61 33
29 52 61 34
29 52 61 35
29 52 61 36
29 52 61 37
29 52 61 38
29 52 61 39
29 52 61 40
29 52 61 41
29 52 61 42
29 52 61 43
29 52 61 44
29 52 61 45
29 52 61 46
29 52 61 47
29 52 61 48
29 52 61 49
29 52 61 50
29 52 61 51
29 52 61 52
29 52 61 53
29 52 61 54
29 52 61 55
29 52 61 56
29 52 61 57
29 52 61 58
29 52 61 59
29 52 61 60
29 52 61 61
29 52 30 29
29 52 31 29
29 52 32 29
29 52 33 29
29 52 34 29
29 52 35 29
29 52 36 29
29 52 37 29
29 52 38 29
29 52 39 29
29 52 40 29
29 52 41 29
29 52 42 29
29 52 43 29
29 52 44 29
29 52 45 29
29 52 46 29
29 52 47 29
29 52 48 29
29 52 49 29
29 52 50 29
29 52 51 29
29 52 52 29
29 52 53 29
29 52 54 29
29 52 55 29
29 52 56 29
29 52 57 29
29 52 58 29
29 52 59 29
29 52 60 29
29 52 30 61
29 52 31 61
29 52 32 61
29 52 33 61
29 52 34 61
29 52 35 61
29 52 36 61
29 52 37 61
29 52 38 61
29 52 39 61
29 52 40 61
29 52 41 61
29 52 42 61
29 52 43 61
29 52 44 61
29 52 45 61
29 52 46 61
29 52 47 61
29 52 48 61
29 52 49 61
29 52 50 61
29 52 51 61
29 52 52 61
29 52 53 61
29 52 54 61
29 52 55 61
29 52 56 61
29 52 57 61
29 52 58 61
29 52 59 61
29 52 60 61
29 53 29 54
29 53 29 55
29 53 29 56
29 53 29 57
29 53 29 58
29 53 29 59
29 53 29 60
29 53 29 61
29 53 61 29
29 53 61 30
29 53 61 31
29 53 61 32
29 53 61 33
29 53 61 34
29 53 61 35
29 53 61 36
29 53 61 37
29 53 61 38
29 53 61 39
29 53 61 40
29 53 61 41
29 53 61 42
29 53 61 43
29 53 61 44
29 53 61 45
29 53 61 46
29 53 61 47
29 53 61 48
29 53 61 49
29 53 61 50
29 53 61 51
29 53 61 52
29 53 61 53
29 53 61 54
29 53 61 55
29 53 61 56
29 53 61 57
29 53 61 58
29 53 61 59
29 53 61 60
29 53 61 61
29 53 30 29
29 53 31 29
29 53 32 29
29 53 33 29
29 53 34 29
29 53 35 29
29 53 36 29
29 53 37 29
29 53 38 29
29 53 39 29
29 53 40 29
29 53 41 29
29 53 42 29
29 53 43 29
29 53 44 29
29 53 45 29
29 53 46 29
29 53 47 29
29 53 48 29
29 53 49 29
29 53 50 29
29 53 51 29
29 53 52 29
29 53 53 29
29 53 54 29
29 53 55 29
29 53 56 29
29 53 57 29
29 53 58 29
29 53 59 29
29 53 60 29
29 53 30 61
29 53 31 61
29 53 32 61
29 53 33 61
29 53 34 61
29 53 35 61
29 53 36 61
29 53 37 61
29 53 38 61
29 53 39 61
29 53 40 61
29 53 41 61
29 53 42 61
29 53 43 61
29 53 44 61
29 53 45 61
29 53 46 61
29 53 47 61
29 53 48 61
29 53 49 61
29 53 50 61
29 53 51 61
29 53 52 61
29 53 53 61
29 53 54 61
29 53 55 61
29 53 56 61
29 53 57 61
29 53 58 61
29 53 59 61
29 53 60 61
29 54 29 55
29 54 29 56
29 54 29 57
29 54 29 58
29 54 29 59
29 54 29 60
29 54 29 61
29 54 61 29
29 54 61 30
29 54 61 31
29 54 61 32
29 54 61 33
29 54 61 34
29 54 61 35
29 54 61 36
29 54 61 37
29 54 61 38
29 54 61 39
29 54 61 40
29 54 61 41
29 54 61 42
29 54 61 43
29 54 61 44
29 54 61 45
29 54 61 46
29 54 61 47
29 54 61 48
29 54 61 49
29 54 61 50
29 54 61 51
29 54 61 52
29 54 61 53
29 54 61 54
29 54 61 55
29 54 61 56
29 54 61 57
29 54 61 58
29 54 61 59
29 54 61 60
29 54 61 61
29 54 30 29
29 54 31 29
29 54 32 29
29 54 33 29
29 54 34 29
29 54 35 29
29 54 36 29
29 54 37 29
29 54 38 29
29 54 39 29
29 54 40 29
29 54 41 29
29 54 42 29
29 54 43 29
29 54 44 29
29 54 45 29
29 54 46 29
29 54 47 29
29 54 48 29
29 54 49 29
29 54 50 29
29 54 51 29
29 54 52 29
29 54 53 29
29 54 54 29
29 54 55 29
29 54 56 29
29 54 57 29
29 54 58 29
29 54 59 29
29 54 60 29
29 54 30 61
29 54 31 61
29 54 32 61
29 54 33 61
29 54 34 61
29 54 35 61
29 54 36 61
29 54 37 61
29 54 38 61
29 54 39 61
29 54 40 61
29 54 41 61
29 54 42 61
29 54 43 61
29 54 44 61
29 54 45 61
29 54 46 61
29 54 47 61
29 54 48 61
29 54 49 61
29 54 50 61
29 54 51 61
29 54 52 61
29 54 53 61
29 54 54 61
29 54 55 61
29 54 56 61
29 54 57 61
29 54 58 61
29 54 59 61
29 54 60 61
29 55 29 56
29 55 29 57
29 55 29 58
29 55 29 59
29 55 29 60
29 55 29 61
29 55 61 29
29 55 61 30
29 55 61 31
29 55 61 32
29 55 61 33
29 55 61 34
29 55 61 35
29 55 61 36
29 55 61 37
29 55 61 38
29 55 61 39
29 55 61 40
29 55 61 41
29 55 61 42
29 55 61 43
29 55 61 44
29 55 61 45
29 55 61 46
29 55 61 47
29 55 61 48
29 55 61 49
29 55 61 50
29 55 61 51
29 55 61 52
29 55 61 53
29 55 61 54
29 55 61 55
29 55 61 56
29 55 61 57
29 55 61 58
29 55 61 59
29 55 61 60
29 55 61 61
29 55 30 29
29 55 31 29
29 55 32 29
29 55 33 29
29 55 34 29
29 55 35 29
29 55 36 29
29 55 37 29
29 55 38 29
29 55 39 29
29 55 40 29
29 55 41 29
29 55 42 29
29 55 43 29
29 55 44 29
29 55 45 29
29 55 46 29
29 55 47 29
29 55 48 29
29 55 49 29
29 55 50 29
29 55 51 29
29 55 52 29
29 55 53 29
29 55 54 29
29 55 55 29
29 55 56 29
29 55 57 29
29 55 58 29
29 55 59 29
29 55 60 29
29 55 30 61
29 55 31 61
29 55 32 61
29 55 33 61
29 55 34 61
29 55 35 61
29 55 36 61
29 55 37 61
29 55 38 61
29 55 39 61
29 55 40 61
29 55 41 61
29 55 42 61
29 55 43 61
29 55 44 61
29 55 45 61
29 55 46 61
29 55 47 61
29 55 48 61
29 55 49 61
29 55 50 61
29 55 51 61
29 55 52 61
29 55 53 61
29 55 54 61
29 55 55 61
29 55 56 61
29 55 57 61
29 55 58 61
29 55 59 61
29 55 60 61
29 56 29 57
29 56 29 58
29 56 29 59
29 56 29 60
29 56 29 61
29 56 61 29
29 56 61 30
29 56 61 31
29 56 61 32
29 56 61 33
29 56 61 34
29 56 61 35
29 56 61 36
29 56 61 37
29 56 61 38
29 56 61 39
29 56 61 40
29 56 61 41
29 56 61 42
29 56 61 43
29 56 61 44
29 56 61 45
29 56 61 46
29 56 61 47
29 56 61 48
29 56 61 49
29 56 61 50
29 56 61 51
29 56 61 52
29 56 61 53
29 56 61 54
29 56 61 55
29 56 61 56
29 56 61 57
29 56 61 58
29 56 61 59
29 56 61 60
29 56 61 61
29 56 30 29
29 56 31 29
29 56 32 29
29 56 33 29
29 56 34 29
29 56 35 29
29 56 36 29
29 56 37 29
29 56 38 29
29 56 39 29
29 56 40 29
29 56 41 29
29 56 42 29
29 56 43 29
29 56 44 29
29 56 45 29
29 56 46 29
29 56 47 29
29 56 48 29
29 56 49 29
29 56 50 29
29 56 51 29
29 56 52 29
29 56 53 29
29 56 54 29
29 56 55 29
29 56 56 29
29 56 57 29
29 56 58 29
29 56 59 29
29 56 60 29
29 56 30 61
29 56 31 61
29 56 32 61
29 56 33 61
29 56 34 61
29 56 35 61
29 56 36 61
29 56 37 61
29 56 38 61
29 56 39 61
29 56 40 61
29 56 41 61
29 56 42 61
29 56 43 61
29 56 44 61
29 56 45 61
29 56 46 61
29 56 47 61
29 56 48 61
29 56 49 61
29 56 50 61
29 56 51 61
29 56 52 61
29 56 53 61
29 56 54 61
29 56 55 61
29 56 56 61
29 56 57 61
29 56 58 61
29 56 59 61
29 56 60 61
29 57 29 58
29 57 29 59
29 57 29 60
29 57 29 61
29 57 61 29
29 57 61 30
29 57 61 31
29 57 61 32
29 57 61 33
29 57 61 34
29 57 61 35
29 57 61 36
29 57 61 37
29 57 61 38
29 57 61 39
29 57 61 40
29 57 61 41
29 57 61 42
29 57 61 43
29 57 61 44
29 57 61 45
29 57 61 46
29 57 61 47
29 57 61 48
29 57 61 49
29 57 61 50
29 57 61 51
29 57 61 52
29 57 61 53
29 57 61 54
29 57 61 55
29 57 61 56
29 57 61 57
29 57 61 58
29 57 61 59
29 57 61 60
29 57 61 61
29 57 30 29
29 57 31 29
29 57 32 29
29 57 33 29
29 57 34 29
29 57 35 29
29 57 36 29
29 57 37 29
29 57 38 29
29 57 39 29
29 57 40 29
29 57 41 29
29 57 42 29
29 57 43 29
29 57 44 29
29 57 45 29
29 57 46 29
29 57 47 29
29 57 48 29
29 57 49 29
29 57 50 29
29 57 51 29
29 57 52 29
29 57 53 29
29 57 54 29
29 57 55 29
29 57 56 29
29 57 57 29
29 57 58 29
29 57 59 29
29 57 60 29
29 57 30 61
29 57 31 61
29 57 32 61
29 57 33 61
29 57 34 61
29 57 35 61
29 57 36 61
29 57 37 61
29 57 38 61
29 57 39 61
29 57 40 61
29 57 41 61
29 57 42 61
29 57 43 61
29 57 44 61
29 57 45 61
29 57 46 61
29 57 47 61
29 57 48 61
29 57 49 61
29 57 50 61
29 57 51 61
29 57 52 61
29 57 53 61
29 57 54 61
29 57 55 61
29 57 56 61
29 57 57 61
29 57 58 61
29 57 59 61
29 57 60 61
29 58 29 59
29 58 29 60
29 58 29 61
29 58 61 29
29 58 61 30
29 58 61 31
29 58 61 32
29 58 61 33
29 58 61 34
29 58 61 35
29 58 61 36
29 58 61 37
29 58 61 38
29 58 61 39
29 58 61 40
29 58 61 41
29 58 61 42
29 58 61 43
29 58 61 44
29 58 61 45
29 58 61 46
29 58 61 47
29 58 61 48
29 58 61 49
29 58 61 50
29 58 61 51
29 58 61 52
29 58 61 53
29 58 61 54
29 58 61 55
29 58 61 56
29 58 61 57
29 58 61 58
29 58 61 59
29 58 61 60
29 58 61 61
29 58 30 29
29 58 31 29
29 58 32 29
29 58 33 29
29 58 34 29
29 58 35 29
29 58 36 29
29 58 37 29
29 58 38 29
29 58 39 29
29 58 40 29
29 58 41 29
29 58 42 29
29 58 43 29
29 58 44 29
29 58 45 29
29 58 46 29
29 58 47 29
29 58 48 29
29 58 49 29
29 58 50 29
29 58 51 29
29 58 52 29
29 58 53 29
29 58 54 29
29 58 55 29
29 58 56 29
29 58 57 29
29 58 58 29
29 58 59 29
29 58 60 29
29 58 30 61
29 58 31 61
29 58 32 61
29 58 33 61
29 58 34 61
29 58 35 61
29 58 36 61
29 58 37 61
29 58 38 61
29 58 39 61
29 58 40 61
29 58 41 61
29 58 42 61
29 58 43 61
29 58 44 61
29 58 45 61
29 58 46 61
29 58 47 61
29 58 48 61
29 58 49 61
29 58 50 61
29 58 51 61
29 58 52 61
29 58 53 61
29 58 54 61
29 58 55 61
29 58 56 61
29 58 57 61
29 58 58 61
29 58 59 61
29 58 60 61
29 59 29 60
29 59 29 61
29 59 61 29
29 59 61 30
29 59 61 31
29 59 61 32
29 59 61 33
29 59 61 34
29 59 61 35
29 59 61 36
29 59 61 37
29 59 61 38
29 59 61 39
29 59 61 40
29 59 61 41
29 59 61 42
29 59 61 43
29 59 61 44
29 59 61 45
29 59 61 46
29 59 61 47
29 59 61 48
29 59 61 49
29 59 61 50
29 59 61 51
29 59 61 52
29 59 61 53
29 59 61 54
29 59 61 55
29 59 61 56
29 59 61 57
29 59 61 58
29 59 61 59
29 59 61 60
29 59 61 61
29 59 30 29
29 59 31 29
29 59 32 29
29 59 33 29
29 59 34 29
29 59 35 29
29 59 36 29
29 59 37 29
29 59 38 29
29 59 39 29
29 59 40 29
29 59 41 29
29 59 42 29
29 59 43 29
29 59 44 29
29 59 45 29
29 59 46 29
29 59 47 29
29 59 48 29
29 59 49 29
29 59 50 29
29 59 51 29
29 59 52 29
29 59 53 29
29 59 54 29
29 59 55 29
29 59 56 29
29 59 57 29
29 59 58 29
29 59 59 29
29 59 60 29
29 59 30 61
29 59 31 61
29 59 32 61
29 59 33 61
29 59 34 61
29 59 35 61
29 59 36 61
29 59 37 61
29 59 38 61
29 59 39 61
29 59 40 61
29 59 41 61
29 59 42 61
29 59 43 61
29 59 44 61
29 59 45 61
29 59 46 61
29 59 47 61
29 59 48 61
29 59 49 61
29 59 50 61
29 59 51 61
29 59 52 61
29 59 53 61
29 59 54 61
29 59 55 61
29 59 56 61
29 59 57 61
29 59 58 61
29 59 59 61
29 59 60 61
29 60 29 61
29 60 61 29
29 60 61 30
29 60 61 31
29 60 61 32
29 60 61 33
29 60 61 34
29 60 61 35
29 60 61 36
29 60 61 37
29 60 61 38
29 60 61 39
29 60 61 40
29 60 61 41
29 60 61 42
29 60 61 43
29 60 61 44
29 60 61 45
29 60 61 46
29 60 61 47
29 60 61 48
29 60 61 49
29 60 61 50
29 60 61 51
29 60 61 52
29 60 61 53
29 60 61 54
29 60 61 55
29 60 61 56
29 60 61 57
29 60 61 58
29 60 61 59
29 60 61 60
29 60 61 61
29 60 30 29
29 60 31 29
29 60 32 29
29 60 33 29
29 60 34 29
29 60 35 29
29 60 36 29
29 60 37 29
29 60 38 29
29 60 39 29
29 60 40 29
29 60 41 29
29 60 42 29
29 60 43 29
29 60 44 29
29 60 45 29
29 60 46 29
29 60 47 29
29 60 48 29
29 60 49 29
29 60 50 29
29 60 51 29
29 60 52 29
29 60 53 29
29 60 54 29
29 60 55 29
29 60 56 29
29 60 57 29
29 60 58 29
29 60 59 29
29 60 60 29
29 60 30 61
29 60 31 61
29 60 32 61
29 60 33 61
29 60 34 61
29 60 35 61
29 60 36 61
29 60 37 61
29 60 38 61
29 60 39 61
29 60 40 61
29 60 41 61
29 60 42 61
29 60 43 61
29 60 44 61
29 60 45 61
29 60 46 61
29 60 47 61
29 60 48 61
29 60 49 61
29 60 50 61
29 60 51 61
29 60 52 61
29 60 53 61
29 60 54 61
29 60 55 61
29 60 56 61
29 60 57 61
29 60 58 61
29 60 59 61
29 60 60 61
29 61 61 29
29 61 61 30
29 61 61 31
29 61 61 32
29 61 61 33
29 61 61 34
29 61 61 35
29 61 61 36
29 61 61 37
29 61 61 38
29 61 61 39
29 61 61 40
29 61 61 41
29 61 61 42
29 61 61 43
29 61 61 44
29 61 61 45
29 61 61 46
29 61 61 47
29 61 61 48
29 61 61 49
29 61 61 50
29 61 61 51
29 61 61 52
29 61 61 53
29 61 61 54
29 61 61 55
29 61 61 56
29 61 61 57
29 61 61 58
29 61 61 59
29 61 61 60
29 61 61 61
29 61 30 29
29 61 31 29
29 61 32 29
29 61 33 29
29 61 34 29
29 61 35 29
29 61 36 29
29 61 37 29
29 61 38 29
29 61 39 29
29 61 40 29
29 61 41 29
29 61 42 29
29 61 43 29
29 61 44 29
29 61 45 29
29 61 46 29
29 61 47 29
29 61 48 29
29 61 49 29
29 61 50 29
29 61 51 29
29 61 52 29
29 61 53 29
29 61 54 29
29 61 55 29
29 61 56 29
29 61 57 29
29 61 58 29
29 61 59 29
29 61 60 29
29 61 30 61
29 61 31 61
29 61 32 61
29 61 33 61
29 61 34 61
29 61 35 61
29 61 36 61
29 61 37 61
29 61 38 61
29 61 39 61
29 61 40 61
29 61 41 61
29 61 42 61
29 61 43 61
29 61 44 61
29 61 45 61
29 61 46 61
29 61 47 61
29 61 48 61
29 61 49 61
29 61 50 61
29 61 51 61
29 61 52 61
29 61 53 61
29 61 54 61
29 61 55 61
29 61 56 61
29 61 57 61
29 61 58 61
29 61 59 61
29 61 60 61
61 29 61 30
61 29 61 31
61 29 61 32
61 29 61 33
61 29 61 34
61 29 61 35
61 29 61 36
61 29 61 37
61 29 61 38
61 29 61 39
61 29 61 40
61 29 61 41
61 29 61 42
61 29 61 43
61 29 61 44
61 29 61 45
61 29 61 46
61 29 61 47
61 29 61 48
61 29 61 49
61 29 61 50
61 29 61 51
61 29 61 52
61 29 61 53
61 29 61 54
61 29 61 55
61 29 61 56
61 29 61 57
61 29 61 58
61 29 61 59
61 29 61 60
61 29 61 61
61 29 30 29
61 29 31 29
61 29 32 29
61 29 33 29
61 29 34 29
61 29 35 29
61 29 36 29
61 29 37 29
61 29 38 29
61 29 39 29
61 29 40 29
61 29 41 29
61 29 42 29
61 29 43 29
61 29 44 29
61 29 45 29
61 29 46 29
61 29 47 29
61 29 48 29
61 29 49 29
61 29 50 29
61 29 51 29
61 29 52 29
61 29 53 29
61 29 54 29
61 29 55 29
61 29 56 29
61 29 57 29
61 29 58 29
61 29 59 29
61 29 60 29
61 29 30 61
61 29 31 61
61 29 32 61
61 29 33 61
61 29 34 61
61 29 35 61
61 29 36 61
61 29 37 61
61 29 38 61
61 29 39 61
61 29 40 61
61 29 41 61
61 29 42 61
61 29 43 61
61 29 44 61
61 29 45 61
61 29 46 61
61 29 47 61
61 29 48 61
61 29 49 61
61 29 50 61
61 29 51 61
61 29 52 61
61 29 53 61
61 29 54 61
61 29 55 61
61 29 56 61
61 29 57 61
61 29 58 61
61 29 59 61
61 29 60 61
61 30 61 31
61 30 61 32
61 30 61 33
61 30 61 34
61 30 61 35
61 30 61 36
61 30 61 37
61 30 61 38
61 30 61 39
61 30 61 40
61 30 61 41
61 30 61 42
61 30 61 43
61 30 61 44
61 30 61 45
61 30 61 46
61 30 61 47
61 30 61 48
61 30 61 49
61 30 61 50
61 30 61 51
61 30 61 52
61 30 61 53
61 30 61 54
61 30 61 55
61 30 61 56
61 30 61 57
61 30 61 58
61 30 61 59
61 30 61 60
61 30 61 61
61 30 30 29
61 30 31 29
61 30 32 29
61 30 33 29
61 30 34 29
61 30 35 29
61 30 36 29
61 30 37 29
61 30 38 29
61 30 39 29
61 30 40 29
61 30 41 29
61 30 42 29
61 30 43 29
61 30 44 29
61 30 45 29
61 30 46 29
61 30 47 29
61 30 48 29
61 30 49 29
61 30 50 29
61 30 51 29
61 30 52 29
61 30 53 29
61 30 54 29
61 30 55 29
61 30 56 29
61 30 57 29
61 30 58 29
61 30 59 29
61 30 60 29
61 30 30 61
61 30 31 61
61 30 32 61
61 30 33 61
61 30 34 61
61 30 35 61
61 30 36 61
61 30 37 61
61 30 38 61
61 30 39 61
61 30 40 61
61 30 41 61
61 30 42 61
61 30 43 61
61 30 44 61
61 30 45 61
61 30 46 61
61 30 47 61
61 30 48 61
61 30 49 61
61 30 50 61
61 30 51 61
61 30 52 61
61 30 53 61
61 30 54 61
61 30 55 61
61 30 56 61
61 30 57 61
61 30 58 61
61 30 59 61
61 30 60 61
61 31 61 32
61 31 61 33
61 31 61 34
61 31 61 35
61 31 61 36
61 31 61 37
61 31 61 38
61 31 61 39
61 31 61 40
61 31 61 41
61 31 61 42
61 31 61 43
61 31 61 44
61 31 61 45
61 31 61 46
61 31 61 47
61 31 61 48
61 31 61 49
61 31 61 50
61 31 61 51
61 31 61 52
61 31 61 53
61 31 61 54
61 31 61 55
61 31 61 56
61 31 61 57
61 31 61 58
61 31 61 59
61 31 61 60
61 31 61 61
61 31 30 29
61 31 31 29
61 31 32 29
61 31 33 29
61 31 34 29
61 31 35 29
61 31 36 29
61 31 37 29
61 31 38 29
61 31 39 29
61 31 40 29
61 31 41 29
61 31 42 29
61 31 43 29
61 31 44 29
61 31 45 29
61 31 46 29
61 31 47 29
61 31 48 29
61 31 49 29
61 31 50 29
61 31 51 29
61 31 52 29
61 31 53 29
61 31 54 29
61 31 55 29
61 31 56 29
61 31 57 29
61 31 58 29
61 31 59 29
61 31 60 29
61 31 30 61
61 31 31 61
61 31 32 61
61 31 33 61
61 31 34 61
61 31 35 61
61 31 36 61
61 31 37 61
61 31 38 61
61 31 39 61
61 31 40 61
61 31 41 61
61 31 42 61
61 31 43 61
61 31 44 61
61 31 45 61
61 31 46 61
61 31 47 61
61 31 48 61
61 31 49 61
61 31 50 61
61 31 51 61
61 31 52 61
61 31 53 61
61 31 54 61
61 31 55 61
61 31 56 61
61 31 57 61
61 31 58 61
61 31 59 61
61 31 60 61
61 32 61 33
61 32 61 34
61 32 61 35
61 32 61 36
61 32 61 37
61 32 61 38
61 32 61 39
61 32 61 40
61 32 61 41
61 32 61 42
61 32 61 43
61 32 61 44
61 32 61 45
61 32 61 46
61 32 61 47
61 32 61 48
61 32 61 49
61 32 61 50
61 32 61 51
61 32 61 52
61 32 61 53
61 32 61 54
61 32 61 55
61 32 61 56
61 32 61 57
61 32 61 58
61 32 61 59
61 32 61 60
61 32 61 61
61 32 30 29
61 32 31 29
61 32 32 29
61 32 33 29
61 32 34 29
61 32 35 29
61 32 36 29
61 32 37 29
61 32 38 29
61 32 39 29
61 32 40 29
61 32 41 29
61 32 42 29
61 32 43 29
61 32 44 29
61 32 45 29
61 32 46 29
61 32 47 29
61 32 48 29
61 32 49 29
61 32 50 29
61 32 51 29
61 32 52 29
61 32 53 29
61 32 54 29
61 32 55 29
61 32 56 29
61 32 57 29
61 32 58 29
61 32 59 29
61 32 60 29
61 32 30 61
61 32 31 61
61 32 32 61
61 32 33 61
61 32 34 61
61 32 35 61
61 32 36 61
61 32 37 61
61 32 38 61
61 32 39 61
61 32 40 61
61 32 41 61
61 32 42 61
61 32 43 61
61 32 44 61
61 32 45 61
61 32 46 61
61 32 47 61
61 32 48 61
61 32 49 61
61 32 50 61
61 32 51 61
61 32 52 61
61 32 53 61
61 32 54 61
61 32 55 61
61 32 56 61
61 32 57 61
61 32 58 61
61 32 59 61
61 32 60 61
61 33 61 34
61 33 61 35
61 33 61 36
61 33 61 37
61 33 61 38
61 33 61 39
61 33 61 40
61 33 61 41
61 33 61 42
61 33 61 43
61 33 61 44
61 33 61 45
61 33 61 46
61 33 61 47
61 33 61 48
61 33 61 49
61 33 61 50
61 33 61 51
61 33 61 52
61 33 61 53
61 33 61 54
61 33 61 55
61 33 61 56
61 33 61 57
61 33 61 58
61 33 61 59
61 33 61 60
61 33 61 61
61 33 30 29
61 33 31 29
61 33 32 29
61 33 33 29
61 33 34 29
61 33 35 29
61 33 36 29
61 33 37 29
61 33 38 29
61 33 39 29
61 33 40 29
61 33 41 29
61 33 42 29
61 33 43 29
61 33 44 29
61 33 45 29
61 33 46 29
61 33 47 29
61 33 48 29
61 33 49 29
61 33 50 29
61 33 51 29
61 33 52 29
61 33 53 29
61 33 54 29
61 33 55 29
61 33 56 29
61 33 57 29
61 33 58 29
61 33 59 29
61 33 60 29
61 33 30 61
61 33 31 61
61 33 32 61
61 33 33 61
61 33 34 61
61 33 35 61
61 33 36 61
61 33 37 61
61 33 38 61
61 33 39 61
61 33 40 61
61 33 41 61
61 33 42 61
61 33 43 61
61 33 44 61
61 33 45 61
61 33 46 61
61 33 47 61
61 33 48 61
61 33 49 61
61 33 50 61
61 33 51 61
61 33 52 61
61 33 53 61
61 33 54 61
61 33 55 61
61 33 56 61
61 33 57 61
61 33 58 61
61 33 59 61
61 33 60 61
61 34 61 35
61 34 61 36
61 34 61 37
61 34 61 38
61 34 61 39
61 34 61 40
61 34 61 41
61 34 61 42
61 34 61 43
61 34 61 44
61 34 61 45
61 34 61 46
61 34 61 47
61 34 61 48
61 34 61 49
61 34 61 50
61 34 61 51
61 34 61 52
61 34 61 53
61 34 61 54
61 34 61 55
61 34 61 56
61 34 61 57
61 34 61 58
61 34 61 59
61 34 61 60
61 34 61 61
61 34 30 29
61 34 31 29
61 34 32 29
61 34 33 29
61 34 34 29
61 34 35 29
61 34 36 29
61 34 37 29
61 34 38 29
61 34 39 29
61 34 40 29
61 34 41 29
61 34 42 29
61 34 43 29
61 34 44 29
61 34 45 29
61 34 46 29
61 34 47 29
61 34 48 29
61 34 49 29
61 34 50 29
61 34 51 29
61 34 52 29
61 34 53 29
61 34 54 29
61 34 55 29
61 34 56 29
61 34 57 29
61 34 58 29
61 34 59 29
61 34 60 29
61 34 30 61
61 34 31 61
61 34 32 61
61 34 33 61
61 34 34 61
61 34 35 61
61 34 36 61
61 34 37 61
61 34 38 61
61 34 39 61
61 34 40 61
61 34 41 61
61 34 42 61
61 34 43 61
61 34 44 61
61 34 45 61
61 34 46 61
61 34 47 61
61 34 48 61
61 34 49 61
61 34 50 61
61 34 51 61
61 34 52 61
61 34 53 61
61 34 54 61
61 34 55 61
61 34 56 61
61 34 57 61
61 34 58 61
61 34 59 61
61 34 60 61
61 35 61 36
61 35 61 37
61 35 61 38
61 35 61 39
61 35 61 40
61 35 61 41
61 35 61 42
61 35 61 43
61 35 61 44
61 35 61 45
61 35 61 46
61 35 61 47
61 35 61 48
61 35 61 49
61 35 61 50
61 35 61 51
61 35 61 52
61 35 61 53
61 35 61 54
61 35 61 55
61 35 61 56
61 35 61 57
61 35 61 58
61 35 61 59
61 35 61 60
61 35 61 61
61 35 30 29
61 35 31 29
61 35 32 29
61 35 33 29
61 35 34 29
61 35 35 29
61 35 36 29
61 35 37 29
61 35 38 29
61 35 39 29
61 35 40 29
61 35 41 29
61 35 42 29
61 35 43 29
61 35 44 29
61 35 45 29
61 35 46 29
61 35 47 29
61 35 48 29
61 35 49 29
61 35 50 29
61 35 51 29
61 35 52 29
61 35 53 29
61 35 54 29
61 35 55 29
61 35 56 29
61 35 57 29
61 35 58 29
61 35 59 29
61 35 60 29
61 35 30 61
61 35 31 61
61 35 32 61
61 35 33 61
61 35 34 61
61 35 35 61
61 35 36 61
61 35 37 61
61 35 38 61
61 35 39 61
61 35 40 61
61 35 41 61
61 35 42 61
61 35 43 61
61 35 44 61
61 35 45 61
61 35 46 61
61 35 47 61
61 35 48 61
61 35 49 61
61 35 50 61
61 35 51 61
61 35 52 61
61 35 53 61
61 35 54 61
61 35 55 61
61 35 56 61
61 35 57 61
61 35 58 61
61 35 59 61
61 35 60 61
61 36 61 37
61 36 61 38
61 36 61 39
61 36 61 40
61 36 61 41
61 36 61 42
61 36 61 43
61 36 61 44
61 36 61 45
61 36 61 46
61 36 61 47
61 36 61 48
61 36 61 49
61 36 61 50
61 36 61 51
61 36 61 52
61 36 61 53
61 36 61 54
61 36 61 55
61 36 61 56
61 36 61 57
61 36 61 58
61 36 61 59
61 36 61 60
61 36 61 61
61 36 30 29
61 36 31 29
61 36 32 29
61 36 33 29
61 36 34 29
61 36 35 29
61 36 36 29
61 36 37 29
61 36 38 29
61 36 39 29
61 36 40 29
61 36 41 29
61 36 42 29
61 36 43 29
61 36 44 29
61 36 45 29
61 36 46 29
61 36 47 29
61 36 48 29
61 36 49 29
61 36 50 29
61 36 51 29
61 36 52 29
61 36 53 29
61 36 54 29
61 36 55 29
61 36 56 29
61 36 57 29
61 36 58 29
61 36 59 29
61 36 60 29
61 36 30 61
61 36 31 61
61 36 32 61
61 36 33 61
61 36 34 61
61 36 35 61
61 36 36 61
61 36 37 61
61 36 38 61
61 36 39 61
61 36 40 61
61 36 41 61
61 36 42 61
61 36 43 61
61 36 44 61
61 36 45 61
61 36 46 61
61 36 47 61
61 36 48 61
61 36 49 61
61 36 50 61
61 36 51 61
61 36 52 61
61 36 53 61
61 36 54 61
61 36 55 61
61 36 56 61
61 36 57 61
61 36 58 61
61 36 59 61
61 36 60 61
61 37 61 38
61 37 61 39
61 37 61 40
61 37 61 41
61 37 61 42
61 37 61 43
61 37 61 44
61 37 61 45
61 37 61 46
61 37 61 47
61 37 61 48
61 37 61 49
61 37 61 50
61 37 61 51
61 37 61 52
61 37 61 53
61 37 61 54
61 37 61 55
61 37 61 56
61 37 61 57
61 37 61 58
61 37 61 59
61 37 61 60
61 37 61 61
61 37 30 29
61 37 31 29
61 37 32 29
61 37 33 29
61 37 34 29
61 37 35 29
61 37 36 29
61 37 37 29
61 37 38 29
61 37 39 29
61 37 40 29
61 37 41 29
61 37 42 29
61 37 43 29
61 37 44 29
61 37 45 29
61 37 46 29
61 37 47 29
61 37 48 29
61 37 49 29
61 37 50 29
61 37 51 29
61 37 52 29
61 37 53 29
61 37 54 29
61 37 55 29
61 37 56 29
61 37 57 29
61 37 58 29
61 37 59 29
61 37 60 29
61 37 30 61
61 37 31 61
61 37 32 61
61 37 33 61
61 37 34 61
61 37 35 61
61 37 36 61
61 37 37 61
61 37 38 61
61 37 39 61
61 37 40 61
61 37 41 61
61 37 42 61
61 37 43 61
61 37 44 61
61 37 45 61
61 37 46 61
61 37 47 61
61 37 48 61
61 37 49 61
61 37 50 61
61 37 51 61
61 37 52 61
61 37 53 61
61 37 54 61
61 37 55 61
61 37 56 61
61 37 57 61
61 37 58 61
61 37 59 61
61 37 60 61
61 38 61 39
61 38 61 40
61 38 61 41
61 38 61 42
61 38 61 43
61 38 61 44
61 38 61 45
61 38 61 46
61 38 61 47
61 38 61 48
61 38 61 49
61 38 61 50
61 38 61 51
61 38 61 52
61 38 61 53
61 38 61 54
61 38 61 55
61 38 61 56
61 38 61 57
61 38 61 58
61 38 61 59
61 38 61 60
61 38 61 61
61 38 30 29
61 38 31 29
61 38 32 29
61 38 33 29
61 38 34 29
61 38 35 29
61 38 36 29
61 38 37 29
61 38 38 29
61 38 39 29
61 38 40 29
61 38 41 29
61 38 42 29
61 38 43 29
61 38 44 29
61 38 45 29
61 38 46 29
61 38 47 29
61 38 48 29
61 38 49 29
61 38 50 29
61 38 51 29
61 38 52 29
61 38 53 29
61 38 54 29
61 38 55 29
61 38 56 29
61 38 57 29
61 38 58 29
61 38 59 29
61 38 60 29
61 38 30 61
61 38 31 61
61 38 32 61
61 38 33 61
61 38 34 61
61 38 35 61
61 38 36 61
61 38 37 61
61 38 38 61
61 38 39 61
61 38 40 61
61 38 41 61
61 38 42 61
61 38 43 61
61 38 44 61
61 38 45 61
61 38 46 61
61 38 47 61
61 38 48 61
61 38 49 61
61 38 50 61
61 38 51 61
61 38 52 61
61 38 53 61
61 38 54 61
61 38 55 61
61 38 56 61
61 38 57 61
61 38 58 61
61 38 59 61
61 38 60 61
61 39 61 40
61 39 61 41
61 39 61 42
61 39 61 43
61 39 61 44
61 39 61 45
61 39 61 46
61 39 61 47
61 39 61 48
61 39 61 49
61 39 61 50
61 39 61 51
61 39 61 52
61 39 61 53
61 39 61 54
61 39 61 55
61 39 61 56
61 39 61 57
61 39 61 58
61 39 61 59
61 39 61 60
61 39 61 61
61 39 30 29
61 39 31 29
61 39 32 29
61 39 33 29
61 39 34 29
61 39 35 29
61 39 36 29
61 39 37 29
61 39 38 29
61 39 39 29
61 39 40 29
61 39 41 29
61 39 42 29
61 39 43 29
61 39 44 29
61 39 45 29
61 39 46 29
61 39 47 29
61 39 48 29
61 39 49 29
61 39 50 29
61 39 51 29
61 39 52 29
61 39 53 29
61 39 54 29
61 39 55 29
61 39 56 29
61 39 57 29
61 39 58 29
61 39 59 29
61 39 60 29
61 39 30 61
61 39 31 61
61 39 32 61
61 39 33 61
61 39 34 61
61 39 35 61
61 39 36 61
61 39 37 61
61 39 38 61
61 39 39 61
61 39 40 61
61 39 41 61
61 39 42 61
61 39 43 61
61 39 44 61
61 39 45 61
61 39 46 61
61 39 47 61
61 39 48 61
61 39 49 61
61 39 50 61
61 39 51 61
61 39 52 61
61 39 53 61
61 39 54 61
61 39 55 61
61 39 56 61
61 39 57 61
61 39 58 61
61 39 59 61
61 39 60 61
61 40 61 41
61 40 61 42
61 40 61 43
61 40 61 44
61 40 61 45
61 40 61 46
61 40 61 47
61 40 61 48
61 40 61 49
61 40 61 50
61 40 61 51
61 40 61 52
61 40 61 53
61 40 61 54
61 40 61 55
61 40 61 56
61 40 61 57
61 40 61 58
61 40 61 59
61 40 61 60
61 40 61 61
61 40 30 29
61 40 31 29
61 40 32 29
61 40 33 29
61 40 34 29
61 40 35 29
61 40 36 29
61 40 37 29
61 40 38 29
61 40 39 29
61 40 40 29
61 40 41 29
61 40 42 29
61 40 43 29
61 40 44 29
61 40 45 29
61 40 46 29
61 40 47 29
61 40 48 29
61 40 49 29
61 40 50 29
61 40 51 29
61 40 52 29
61 40 53 29
61 40 54 29
61 40 55 29
61 40 56 29
61 40 57 29
61 40 58 29
61 40 59 29
61 40 60 29
61 40 30 61
61 40 31 61
61 40 32 61
61 40 33 61
61 40 34 61
61 40 35 61
61 40 36 61
61 40 37 61
61 40 38 61
61 40 39 61
61 40 40 61
61 40 41 61
61 40 42 61
61 40 43 61
61 40 44 61
61 40 45 61
61 40 46 61
61 40 47 61
61 40 48 61
61 40 49 61
61 40 50 61
61 40 51 61
61 40 52 61
61 40 53 61
61 40 54 61
61 40 55 61
61 40 56 61
61 40 57 61
61 40 58 61
61 40 59 61
61 40 60 61
61 41 61 42
61 41 61 43
61 41 61 44
61 41 61 45
61 41 61 46
61 41 61 47
61 41 61 48
61 41 61 49
61 41 61 50
61 41 61 51
61 41 61 52
61 41 61 53
61 41 61 54
61 41 61 55
61 41 61 56
61 41 61 57
61 41 61 58
61 41 61 59
61 41 61 60
61 41 61 61
61 41 30 29
61 41 31 29
61 41 32 29
61 41 33 29
61 41 34 29
61 41 35 29
61 41 36 29
61 41 37 29
61 41 38 29
61 41 39 29
61 41 40 29
61 41 41 29
61 41 42 29
61 41 43 29
61 41 44 29
61 41 45 29
61 41 46 29
61 41 47 29
61 41 48 29
61 41 49 29
61 41 50 29
61 41 51 29
61 41 52 29
61 41 53 29
61 41 54 29
61 41 55 29
61 41 56 29
61 41 57 29
61 41 58 29
61 41 59 29
61 41 60 29
61 41 30 61
61 41 31 61
61 41 32 61
61 41 33 61
61 41 34 61
61 41 35 61
61 41 36 61
61 41 37 61
61 41 38 61
61 41 39 61
61 41 40 61
61 41 41 61
61 41 42 61
61 41 43 61
61 41 44 61
61 41 45 61
61 41 46 61
61 41 47 61
61 41 48 61
61 41 49 61
61 41 50 61
61 41 51 61
61 41 52 61
61 41 53 61
61 41 54 61
61 41 55 61
61 41 56 61
61 41 57 61
61 41 58 61
61 41 59 61
61 41 60 61
61 42 61 43
61 42 61 44
61 42 61 45
61 42 61 46
61 42 61 47
61 42 61 48
61 42 61 49
61 42 61 50
61 42 61 51
61 42 61 52
61 42 61 53
61 42 61 54
61 42 61 55
61 42 61 56
61 42 61 57
61 42 61 58
61 42 61 59
61 42 61 60
61 42 61 61
61 42 30 29
61 42 31 29
61 42 32 29
61 42 33 29
61 42 34 29
61 42 35 29
61 42 36 29
61 42 37 29
61 42 38 29
61 42 39 29
61 42 40 29
61 42 41 29
61 42 42 29
61 42 43 29
61 42 44 29
61 42 45 29
61 42 46 29
61 42 47 29
61 42 48 29
61 42 49 29
61 42 50 29
61 42 51 29
61 42 52 29
61 42 53 29
61 42 54 29
61 42 55 29
61 42 56 29
61 42 57 29
61 42 58 29
61 42 59 29
61 42 60 29
61 42 30 61
61 42 31 61
61 42 32 61
61 42 33 61
61 42 34 61
61 42 35 61
61 42 36 61
61 42 37 61
61 42 38 61
61 42 39 61
61 42 40 61
61 42 41 61
61 42 42 61
61 42 43 61
61 42 44 61
61 42 45 61
61 42 46 61
61 42 47 61
61 42 48 61
61 42 49 61
61 42 50 61
61 42 51 61
61 42 52 61
61 42 53 61
61 42 54 61
61 42 55 61
61 42 56 61
61 42 57 61
61 42 58 61
61 42 59 61
61 42 60 61
61 43 61 44
61 43 61 45
61 43 61 46
61 43 61 47
61 43 61 48
61 43 61 49
61 43 61 50
61 43 61 51
61 43 61 52
61 43 61 53
61 43 61 54
61 43 61 55
61 43 61 56
61 43 61 57
61 43 61 58
61 43 61 59
61 43 61 60
61 43 61 61
61 43 30 29
61 43 31 29
61 43 32 29
61 43 33 29
61 43 34 29
61 43 35 29
61 43 36 29
61 43 37 29
61 43 38 29
61 43 39 29
61 43 40 29
61 43 41 29
61 43 42 29
61 43 43 29
61 43 44 29
61 43 45 29
61 43 46 29
61 43 47 29
61 43 48 29
61 43 49 29
61 43 50 29
61 43 51 29
61 43 52 29
61 43 53 29
61 43 54 29
61 43 55 29
61 43 56 29
61 43 57 29
61 43 58 29
61 43 59 29
61 43 60 29
61 43 30 61
61 43 31 61
61 43 32 61
61 43 33 61
61 43 34 61
61 43 35 61
61 43 36 61
61 43 37 61
61 43 38 61
61 43 39 61
61 43 40 61
61 43 41 61
61 43 42 61
61 43 43 61
61 43 44 61
61 43 45 61
61 43 46 61
61 43 47 61
61 43 48 61
61 43 49 61
61 43 50 61
61 43 51 61
61 43 52 61
61 43 53 61
61 43 54 61
61 43 55 61
61 43 56 61
61 43 57 61
61 43 58 61
61 43 59 61
61 43 60 61
61 44 61 45
61 44 61 46
61 44 61 47
61 44 61 48
61 44 61 49
61 44 61 50
61 44 61 51
61 44 61 52
61 44 61 53
61 44 61 54
61 44 61 55
61 44 61 56
61 44 61 57
61 44 61 58
61 44 61 59
61 44 61 60
61 44 61 61
61 44 30 29
61 44 31 29
61 44 32 29
61 44 33 29
61 44 34 29
61 44 35 29
61 44 36 29
61 44 37 29
61 44 38 29
61 44 39 29
61 44 40 29
61 44 41 29
61 44 42 29
61 44 43 29
61 44 44 29
61 44 45 29
61 44 46 29
61 44 47 29
61 44 48 29
61 44 49 29
61 44 50 29
61 44 51 29
61 44 52 29
61 44 53 29
61 44 54 29
61 44 55 29
61 44 56 29
61 44 57 29
61 44 58 29
61 44 59 29
61 44 60 29
61 44 30 61
61 44 31 61
61 44 32 61
61 44 33 61
61 44 34 61
61 44 35 61
61 44 36 61
61 44 37 61
61 44 38 61
61 44 39 61
61 44 40 61
61 44 41 61
61 44 42 61
61 44 43 61
61 44 44 61
61 44 45 61
61 44 46 61
61 44 47 61
61 44 48 61
61 44 49 61
61 44 50 61
61 44 51 61
61 44 52 61
61 44 53 61
61 44 54 61
61 44 55 61
61 44 56 61
61 44 57 61
61 44 58 61
61 44 59 61
61 44 60 61
61 45 61 46
61 45 61 47
61 45 61 48
61 45 61 49
61 45 61 50
61 45 61 51
61 45 61 52
61 45 61 53
61 45 61 54
61 45 61 55
61 45 61 56
61 45 61 57
61 45 61 58
61 45 61 59
61 45 61 60
61 45 61 61
61 45 30 29
61 45 31 29
61 45 32 29
61 45 33 29
61 45 34 29
61 45 35 29
61 45 36 29
61 45 37 29
61 45 38 29
61 45 39 29
61 45 40 29
61 45 41 29
61 45 42 29
61 45 43 29
61 45 44 29
61 45 45 29
61 45 46 29
61 45 47 29
61 45 48 29
61 45 49 29
61 45 50 29
61 45 51 29
61 45 52 29
61 45 53 29
61 45 54 29
61 45 55 29
61 45 56 29
61 45 57 29
61 45 58 29
61 45 59 29
61 45 60 29
61 45 30 61
61 45 31 61
61 45 32 61
61 45 33 61
61 45 34 61
61 45 35 61
61 45 36 61
61 45 37 61
61 45 38 61
61 45 39 61
61 45 40 61
61 45 41 61
61 45 42 61
61 45 43 61
61 45 44 61
61 45 45 61
61 45 46 61
61 45 47 61
61 45 48 61
61 45 49 61
61 45 50 61
61 45 51 61
61 45 52 61
61 45 53 61
61 45 54 61
61 45 55 61
61 45 56 61
61 45 57 61
61 45 58 61
61 45 59 61
61 45 60 61
61 46 61 47
61 46 61 48
61 46 61 49
61 46 61 50
61 46 61 51
61 46 61 52
61 46 61 53
61 46 61 54
61 46 61 55
61 46 61 56
61 46 61 57
61 46 61 58
61 46 61 59
61 46 61 60
61 46 61 61
61 46 30 29
61 46 31 29
61 46 32 29
61 46 33 29
61 46 34 29
61 46 35 29
61 46 36 29
61 46 37 29
61 46 38 29
61 46 39 29
61 46 40 29
61 46 41 29
61 46 42 29
61 46 43 29
61 46 44 29
61 46 45 29
61 46 46 29
61 46 47 29
61 46 48 29
61 46 49 29
61 46 50 29
61 46 51 29
61 46 52 29
61 46 53 29
61 46 54 29
61 46 55 29
61 46 56 29
61 46 57 29
61 46 58 29
61 46 59 29
61 46 60 29
61 46 30 61
61 46 31 61
61 46 32 61
61 46 33 61
61 46 34 61
61 46 35 61
61 46 36 61
61 46 37 61
61 46 38 61
61 46 39 61
61 46 40 61
61 46 41 61
61 46 42 61
61 46 43 61
61 46 44 61
61 46 45 61
61 46 46 61
61 46 47 61
61 46 48 61
61 46 49 61
61 46 50 61
61 46 51 61
61 46 52 61
61 46 53 61
61 46 54 61
61 46 55 61
61 46 56 61
61 46 57 61
61 46 58 61
61 46 59 61
61 46 60 61
61 47 61 48
61 47 61 49
61 47 61 50
61 47 61 51
61 47 61 52
61 47 61 53
61 47 61 54
61 47 61 55
61 47 61 56
61 47 61 57
61 47 61 58
61 47 61 59
61 47 61 60
61 47 61 61
61 47 30 29
61 47 31 29
61 47 32 29
61 47 33 29
61 47 34 29
61 47 35 29
61 47 36 29
61 47 37 29
61 47 38 29
61 47 39 29
61 47 40 29
61 47 41 29
61 47 42 29
61 47 43 29
61 47 44 29
61 47 45 29
61 47 46 29
61 47 47 29
61 47 48 29
61 47 49 29
61 47 50 29
61 47 51 29
61 47 52 29
61 47 53 29
61 47 54 29
61 47 55 29
61 47 56 29
61 47 57 29
61 47 58 29
61 47 59 29
61 47 60 29
61 47 30 61
61 47 31 61
61 47 32 61
61 47 33 61
61 47 34 61
61 47 35 61
61 47 36 61
61 47 37 61
61 47 38 61
61 47 39 61
61 47 40 61
61 47 41 61
61 47 42 61
61 47 43 61
61 47 44 61
61 47 45 61
61 47 46 61
61 47 47 61
61 47 48 61
61 47 49 61
61 47 50 61
61 47 51 61
61 47 52 61
61 47 53 61
61 47 54 61
61 47 55 61
61 47 56 61
61 47 57 61
61 47 58 61
61 47 59 61
61 47 60 61
61 48 61 49
61 48 61 50
61 48 61 51
61 48 61 52
61 48 61 53
61 48 61 54
61 48 61 55
61 48 61 56
61 48 61 57
61 48 61 58
61 48 61 59
61 48 61 60
61 48 61 61
61 48 30 29
61 48 31 29
61 48 32 29
61 48 33 29
61 48 34 29
61 48 35 29
61 48 36 29
61 48 37 29
61 48 38 29
61 48 39 29
61 48 40 29
61 48 41 29
61 48 42 29
61 48 43 29
61 48 44 29
61 48 45 29
61 48 46 29
61 48 47 29
61 48 48 29
61 48 49 29
61 48 50 29
61 48 51 29
61 48 52 29
61 48 53 29
61 48 54 29
61 48 55 29
61 48 56 29
61 48 57 29
61 48 58 29
61 48 59 29
61 48 60 29
61 48 30 61
61 48 31 61
61 48 32 61
61 48 33 61
61 48 34 61
61 48 35 61
61 48 36 61
61 48 37 61
61 48 38 61
61 48 39 61
61 48 40 61
61 48 41 61
61 48 42 61
61 48 43 61
61 48 44 61
61 48 45 61
61 48 46 61
61 48 47 61
61 48 48 61
61 48 49 61
61 48 50 61
61 48 51 61
61 48 52 61
61 48 53 61
61 48 54 61
61 48 55 61
61 48 56 61
61 48 57 61
61 48 58 61
61 48 59 61
61 48 60 61
61 49 61 50
61 49 61 51
61 49 61 52
61 49 61 53
61 49 61 54
61 49 61 55
61 49 61 56
61 49 61 57
61 49 61 58
61 49 61 59
61 49 61 60
61 49 61 61
61 49 30 29
61 49 31 29
61 49 32 29
61 49 33 29
61 49 34 29
61 49 35 29
61 49 36 29
61 49 37 29
61 49 38 29
61 49 39 29
61 49 40 29
61 49 41 29
61 49 42 29
61 49 43 29
61 49 44 29
61 49 45 29
61 49 46 29
61 49 47 29
61 49 48 29
61 49 49 29
61 49 50 29
61 49 51 29
61 49 52 29
61 49 53 29
61 49 54 29
61 49 55 29
61 49 56 29
61 49 57 29
61 49 58 29
61 49 59 29
61 49 60 29
61 49 30 61
61 49 31 61
61 49 32 61
61 49 33 61
61 49 34 61
61 49 35 61
61 49 36 61
61 49 37 61
61 49 38 61
61 49 39 61
61 49 40 61
61 49 41 61
61 49 42 61
61 49 43 61
61 49 44 61
61 49 45 61
61 49 46 61
61 49 47 61
61 49 48 61
61 49 49 61
61 49 50 61
61 49 51 61
61 49 52 61
61 49 53 61
61 49 54 61
61 49 55 61
61 49 56 61
61 49 57 61
61 49 58 61
61 49 59 61
61 49 60 61
61 50 61 51
61 50 61 52
61 50 61 53
61 50 61 54
61 50 61 55
61 50 61 56
61 50 61 57
61 50 61 58
61 50 61 59
61 50 61 60
61 50 61 61
61 50 30 29
61 50 31 29
61 50 32 29
61 50 33 29
61 50 34 29
61 50 35 29
61 50 36 29
61 50 37 29
61 50 38 29
61 50 39 29
61 50 40 29
61 50 41 29
61 50 42 29
61 50 43 29
61 50 44 29
61 50 45 29
61 50 46 29
61 50 47 29
61 50 48 29
61 50 49 29
61 50 50 29
61 50 51 29
61 50 52 29
61 50 53 29
61 50 54 29
61 50 55 29
61 50 56 29
61 50 57 29
61 50 58 29
61 50 59 29
61 50 60 29
61 50 30 61
61 50 31 61
61 50 32 61
61 50 33 61
61 50 34 61
61 50 35 61
61 50 36 61
61 50 37 61
61 50 38 61
61 50 39 61
61 50 40 61
61 50 41 61
61 50 42 61
61 50 43 61
61 50 44 61
61 50 45 61
61 50 46 61
61 50 47 61
61 50 48 61
61 50 49 61
61 50 50 61
61 50 51 61
61 50 52 61
61 50 53 61
61 50 54 61
61 50 55 61
61 50 56 61
61 50 57 61
61 50 58 61
61 50 59 61
61 50 60 61
61 51 61 52
61 51 61 53
61 51 61 54
61 51 61 55
61 51 61 56
61 51 61 57
61 51 61 58
61 51 61 59
61 51 61 60
61 51 61 61
61 51 30 29
61 51 31 29
61 51 32 29
61 51 33 29
61 51 34 29
61 51 35 29
61 51 36 29
61 51 37 29
61 51 38 29
61 51 39 29
61 51 40 29
61 51 41 29
61 51 42 29
61 51 43 29
61 51 44 29
61 51 45 29
61 51 46 29
61 51 47 29
61 51 48 29
61 51 49 29
61 51 50 29
61 51 51 29
61 51 52 29
61 51 53 29
61 51 54 29
61 51 55 29
61 51 56 29
61 51 57 29
61 51 58 29
61 51 59 29
61 51 60 29
61 51 30 61
61 51 31 61
61 51 32 61
61 51 33 61
61 51 34 61
61 51 35 61
61 51 36 61
61 51 37 61
61 51 38 61
61 51 39 61
61 51 40 61
61 51 41 61
61 51 42 61
61 51 43 61
61 51 44 61
61 51 45 61
61 51 46 61
61 51 47 61
61 51 48 61
61 51 49 61
61 51 50 61
61 51 51 61
61 51 52 61
61 51 53 61
61 51 54 61
61 51 55 61
61 51 56 61
61 51 57 61
61 51 58 61
61 51 59 61
61 51 60 61
61 52 61 53
61 52 61 54
61 52 61 55
61 52 61 56
61 52 61 57
61 52 61 58
61 52 61 59
61 52 61 60
61 52 61 61
61 52 30 29
61 52 31 29
61 52 32 29
61 52 33 29
61 52 34 29
61 52 35 29
61 52 36 29
61 52 37 29
61 52 38 29
61 52 39 29
61 52 40 29
61 52 41 29
61 52 42 29
61 52 43 29
61 52 44 29
61 52 45 29
61 52 46 29
61 52 47 29
61 52 48 29
61 52 49 29
61 52 50 29
61 52 51 29
61 52 52 29
61 52 53 29
61 52 54 29
61 52 55 29
61 52 56 29
61 52 57 29
61 52 58 29
61 52 59 29
61 52 60 29
61 52 30 61
61 52 31 61
61 52 32 61
61 52 33 61
61 52 34 61
61 52 35 61
61 52 36 61
61 52 37 61
61 52 38 61
61 52 39 61
61 52 40 61
61 52 41 61
61 52 42 61
61 52 43 61
61 52 44 61
61 52 45 61
61 52 46 61
61 52 47 61
61 52 48 61
61 52 49 61
61 52 50 61
61 52 51 61
61 52 52 61
61 52 53 61
61 52 54 61
61 52 55 61
61 52 56 61
61 52 57 61
61 52 58 61
61 52 59 61
61 52 60 61
61 53 61 54
61 53 61 55
61 53 61 56
61 53 61 57
61 53 61 58
61 53 61 59
61 53 61 60
61 53 61 61
61 53 30 29
61 53 31 29
61 53 32 29
61 53 33 29
61 53 34 29
61 53 35 29
61 53 36 29
61 53 37 29
61 53 38 29
61 53 39 29
61 53 40 29
61 53 41 29
61 53 42 29
61 53 43 29
61 53 44 29
61 53 45 29
61 53 46 29
61 53 47 29
61 53 48 29
61 53 49 29
61 53 50 29
61 53 51 29
61 53 52 29
61 53 53 29
61 53 54 29
61 53 55 29
61 53 56 29
61 53 57 29
61 53 58 29
61 53 59 29
61 53 60 29
61 53 30 61
61 53 31 61
61 53 32 61
61 53 33 61
61 53 34 61
61 53 35 61
61 53 36 61
61 53 37 61
61 53 38 61
61 53 39 61
61 53 40 61
61 53 41 61
61 53 42 61
61 53 43 61
61 53 44 61
61 53 45 61
61 53 46 61
61 53 47 61
61 53 48 61
61 53 49 61
61 53 50 61
61 53 51 61
61 53 52 61
61 53 53 61
61 53 54 61
61 53 55 61
61 53 56 61
61 53 57 61
61 53 58 61
61 53 59 61
61 53 60 61
61 54 61 55
61 54 61 56
61 54 61 57
61 54 61 58
61 54 61 59
61 54 61 60
61 54 61 61
61 54 30 29
61 54 31 29
61 54 32 29
61 54 33 29
61 54 34 29
61 54 35 29
61 54 36 29
61 54 37 29
61 54 38 29
61 54 39 29
61 54 40 29
61 54 41 29
61 54 42 29
61 54 43 29
61 54 44 29
61 54 45 29
61 54 46 29
61 54 47 29
61 54 48 29
61 54 49 29
61 54 50 29
61 54 51 29
61 54 52 29
61 54 53 29
61 54 54 29
61 54 55 29
61 54 56 29
61 54 57 29
61 54 58 29
61 54 59 29
61 54 60 29
61 54 30 61
61 54 31 61
61 54 32 61
61 54 33 61
61 54 34 61
61 54 35 61
61 54 36 61
61 54 37 61
61 54 38 61
61 54 39 61
61 54 40 61
61 54 41 61
61 54 42 61
61 54 43 61
61 54 44 61
61 54 45 61
61 54 46 61
61 54 47 61
61 54 48 61
61 54 49 61
61 54 50 61
61 54 51 61
61 54 52 61
61 54 53 61
61 54 54 61
61 54 55 61
61 54 56 61
61 54 57 61
61 54 58 61
61 54 59 61
61 54 60 61
61 55 61 56
61 55 61 57
61 55 61 58
61 55 61 59
61 55 61 60
61 55 61 61
61 55 30 29
61 55 31 29
61 55 32 29
61 55 33 29
61 55 34 29
61 55 35 29
61 55 36 29
61 55 37 29
61 55 38 29
61 55 39 29
61 55 40 29
61 55 41 29
61 55 42 29
61 55 43 29
61 55 44 29
61 55 45 29
61 55 46 29
61 55 47 29
61 55 48 29
61 55 49 29
61 55 50 29
61 55 51 29
61 55 52 29
61 55 53 29
61 55 54 29
61 55 55 29
61 55 56 29
61 55 57 29
61 55 58 29
61 55 59 29
61 55 60 29
61 55 30 61
61 55 31 61
61 55 32 61
61 55 33 61
61 55 34 61
61 55 35 61
61 55 36 61
61 55 37 61
61 55 38 61
61 55 39 61
61 55 40 61
61 55 41 61
61 55 42 61
61 55 43 61
61 55 44 61
61 55 45 61
61 55 46 61
61 55 47 61
61 55 48 61
61 55 49 61
61 55 50 61
61 55 51 61
61 55 52 61
61 55 53 61
61 55 54 61
61 55 55 61
61 55 56 61
61 55 57 61
61 55 58 61
61 55 59 61
61 55 60 61
61 56 61 57
61 56 61 58
61 56 61 59
61 56 61 60
61 56 61 61
61 56 30 29
61 56 31 29
61 56 32 29
61 56 33 29
61 56 34 29
61 56 35 29
61 56 36 29
61 56 37 29
61 56 38 29
61 56 39 29
61 56 40 29
61 56 41 29
61 56 42 29
61 56 43 29
61 56 44 29
61 56 45 29
61 56 46 29
61 56 47 29
61 56 48 29
61 56 49 29
61 56 50 29
61 56 51 29
61 56 52 29
61 56 53 29
61 56 54 29
61 56 55 29
61 56 56 29
61 56 57 29
61 56 58 29
61 56 59 29
61 56 60 29
61 56 30 61
61 56 31 61
61 56 32 61
61 56 33 61
61 56 34 61
61 56 35 61
61 56 36 61
61 56 37 61
61 56 38 61
61 56 39 61
61 56 40 61
61 56 41 61
61 56 42 61
61 56 43 61
61 56 44 61
61 56 45 61
61 56 46 61
61 56 47 61
61 56 48 61
61 56 49 61
61 56 50 61
61 56 51 61
61 56 52 61
61 56 53 61
61 56 54 61
61 56 55 61
61 56 56 61
61 56 57 61
61 56 58 61
61 56 59 61
61 56 60 61
61 57 61 58
61 57 61 59
61 57 61 60
61 57 61 61
61 57 30 29
61 57 31 29
61 57 32 29
61 57 33 29
61 57 34 29
61 57 35 29
61 57 36 29
61 57 37 29
61 57 38 29
61 57 39 29
61 57 40 29
61 57 41 29
61 57 42 29
61 57 43 29
61 57 44 29
61 57 45 29
61 57 46 29
61 57 47 29
61 57 48 29
61 57 49 29
61 57 50 29
61 57 51 29
61 57 52 29
61 57 53 29
61 57 54 29
61 57 55 29
61 57 56 29
61 57 57 29
61 57 58 29
61 57 59 29
61 57 60 29
61 57 30 61
61 57 31 61
61 57 32 61
61 57 33 61
61 57 34 61
61 57 35 61
61 57 36 61
61 57 37 61
61 57 38 61
61 57 39 61
61 57 40 61
61 57 41 61
61 57 42 61
61 57 43 61
61 57 44 61
61 57 45 61
61 57 46 61
61 57 47 61
61 57 48 61
61 57 49 61
61 57 50 61
61 57 51 61
61 57 52 61
61 57 53 61
61 57 54 61
61 57 55 61
61 57 56 61
61 57 57 61
61 57 58 61
61 57 59 61
61 57 60 61
61 58 61 59
61 58 61 60
61 58 61 61
61 58 30 29
61 58 31 29
61 58 32 29
61 58 33 29
61 58 34 29
61 58 35 29
61 58 36 29
61 58 37 29
61 58 38 29
61 58 39 29
61 58 40 29
61 58 41 29
61 58 42 29
61 58 43 29
61 58 44 29
61 58 45 29
61 58 46 29
61 58 47 29
61 58 48 29
61 58 49 29
61 58 50 29
61 58 51 29
61 58 52 29
61 58 53 29
61 58 54 29
61 58 55 29
61 58 56 29
61 58 57 29
61 58 58 29
61 58 59 29
61 58 60 29
61 58 30 61
61 58 31 61
61 58 32 61
61 58 33 61
61 58 34 61
61 58 35 61
61 58 36 61
61 58 37 61
61 58 38 61
61 58 39 61
61 58 40 61
61 58 41 61
61 58 42 61
61 58 43 61
61 58 44 61
61 58 45 61
61 58 46 61
61 58 47 61
61 58 48 61
61 58 49 61
61 58 50 61
61 58 51 61
61 58 52 61
61 58 53 61
61 58 54 61
61 58 55 61
61 58 56 61
61 58 57 61
61 58 58 61
61 58 59 61
61 58 60 61
61 59 61 60
61 59 61 61
61 59 30 29
61 59 31 29
61 59 32 29
61 59 33 29
61 59 34 29
61 59 35 29
61 59 36 29
61 59 37 29
61 59 38 29
61 59 39 29
61 59 40 29
61 59 41 29
61 59 42 29
61 59 43 29
61 59 44 29
61 59 45 29
61 59 46 29
61 59 47 29
61 59 48 29
61 59 49 29
61 59 50 29
61 59 51 29
61 59 52 29
61 59 53 29
61 59 54 29
61 59 55 29
61 59 56 29
61 59 57 29
61 59 58 29
61 59 59 29
61 59 60 29
61 59 30 61
61 59 31 61
61 59 32 61
61 59 33 61
61 59 34 61
61 59 35 61
61 59 36 61
61 59 37 61
61 59 38 61
61 59 39 61
61 59 40 61
61 59 41 61
61 59 42 61
61 59 43 61
61 59 44 61
61 59 45 61
61 59 46 61
61 59 47 61
61 59 48 61
61 59 49 61
61 59 50 61
61 59 51 61
61 59 52 61
61 59 53 61
61 59 54 61
61 59 55 61
61 59 56 61
61 59 57 61
61 59 58 61
61 59 59 61
61 59 60 61
61 60 61 61
61 60 30 29
61 60 31 29
61 60 32 29
61 60 33 29
61 60 34 29
61 60 35 29
61 60 36 29
61 60 37 29
61 60 38 29
61 60 39 29
61 60 40 29
61 60 41 29
61 60 42 29
61 60 43 29
61 60 44 29
61 60 45 29
61 60 46 29
61 60 47 29
61 60 48 29
61 60 49 29
61 60 50 29
61 60 51 29
61 60 52 29
61 60 53 29
61 60 54 29
61 60 55 29
61 60 56 29
61 60 57 29
61 60 58 29
61 60 59 29
61 60 60 29
61 60 30 61
61 60 31 61
61 60 32 61
61 60 33 61
61 60 34 61
61 60 35 61
61 60 36 61
61 60 37 61
61 60 38 61
61 60 39 61
61 60 40 61
61 60 41 61
61 60 42 61
61 60 43 61
61 60 44 61
61 60 45 61
61 60 46 61
61 60 47 61
61 60 48 61
61 60 49 61
61 60 50 61
61 60 51 61
61 60 52 61
61 60 53 61
61 60 54 61
61 60 55 61
61 60 56 61
61 60 57 61
61 60 58 61
61 60 59 61
61 60 60 61
61 61 30 29
61 61 31 29
61 61 32 29
61 61 33 29
61 61 34 29
61 61 35 29
61 61 36 29
61 61 37 29
61 61 38 29
61 61 39 29
61 61 40 29
61 61 41 29
61 61 42 29
61 61 43 29
61 61 44 29
61 61 45 29
61 61 46 29
61 61 47 29
61 61 48 29
61 61 49 29
61 61 50 29
61 61 51 29
61 61 52 29
61 61 53 29
61 61 54 29
61 61 55 29
61 61 56 29
61 61 57 29
61 61 58 29
61 61 59 29
61 61 60 29
61 61 30 61
61 61 31 61
61 61 32 61
61 61 33 61
61 61 34 61
61 61 35 61
61 61 36 61
61 61 37 61
61 61 38 61
61 61 39 61
61 61 40 61
61 61 41 61
61 61 42 61
61 61 43 61
61 61 44 61
61 61 45 61
61 61 46 61
61 61 47 61
61 61 48 61
61 61 49 61
61 61 50 61
61 61 51 61
61 61 52 61
61 61 53 61
61 61 54 61
61 61 55 61
61 61 56 61
61 61 57 61
61 61 58 61
61 61 59 61
61 61 60 61
30 29 31 29
30 29 32 29
30 29 33 29
30 29 34 29
30 29 35 29
30 29 36 29
30 29 37 29
30 29 38 29
30 29 39 29
30 29 40 29
30 29 41 29
30 29 42 29
30 29 43 29
30 29 44 29
30 29 45 29
30 29 46 29
30 29 47 29
30 29 48 29
30 29 49 29
30 29 50 29
30 29 51 29
30 29 52 29
30 29 53 29
30 29 54 29
30 29 55 29
30 29 56 29
30 29 57 29
30 29 58 29
30 29 59 29
30 29 60 29
30 29 30 61
30 29 31 61
30 29 32 61
30 29 33 61
30 29 34 61
30 29 35 61
30 29 36 61
30 29 37 61
30 29 38 61
30 29 39 61
30 29 40 61
30 29 41 61
30 29 42 61
30 29 43 61
30 29 44 61
30 29 45 61
30 29 46 61
30 29 47 61
30 29 48 61
30 29 49 61
30 29 50 61
30 29 51 61
30 29 52 61
30 29 53 61
30 29 54 61
30 29 55 61
30 29 56 61
30 29 57 61
30 29 58 61
30 29 59 61
30 29 60 61
31 29 32 29
31 29 33 29
31 29 34 29
31 29 35 29
31 29 36 29
31 29 37 29
31 29 38 29
31 29 39 29
31 29 40 29
31 29 41 29
31 29 42 29
31 29 43 29
31 29 44 29
31 29 45 29
31 29 46 29
31 29 47 29
31 29 48 29
31 29 49 29
31 29 50 29
31 29 51 29
31 29 52 29
31 29 53 29
31 29 54 29
31 29 55 29
31 29 56 29
31 29 57 29
31 29 58 29
31 29 59 29
31 29 60 29
31 29 30 61
31 29 31 61
31 29 32 61
31 29 33 61
31 29 34 61
31 29 35 61
31 29 36 61
31 29 37 61
31 29 38 61
31 29 39 61
31 29 40 61
31 29 41 61
31 29 42 61
31 29 43 61
31 29 44 61
31 29 45 61
31 29 46 61
31 29 47 61
31 29 48 61
31 29 49 61
31 29 50 61
31 29 51 61
31 29 52 61
31 29 53 61
31 29 54 61
31 29 55 61
31 29 56 61
31 29 57 61
31 29 58 61
31 29 59 61
31 29 60 61
32 29 33 29
32 29 34 29
32 29 35 29
32 29 36 29
32 29 37 29
32 29 38 29
32 29 39 29
32 29 40 29
32 29 41 29
32 29 42 29
32 29 43 29
32 29 44 29
32 29 45 29
32 29 46 29
32 29 47 29
32 29 48 29
32 29 49 29
32 29 50 29
32 29 51 29
32 29 52 29
32 29 53 29
32 29 54 29
32 29 55 29
32 29 56 29
32 29 57 29
32 29 58 29
32 29 59 29
32 29 60 29
32 29 30 61
32 29 31 61
32 29 32 61
32 29 33 61
32 29 34 61
32 29 35 61
32 29 36 61
32 29 37 61
32 29 38 61
32 29 39 61
32 29 40 61
32 29 41 61
32 29 42 61
32 29 43 61
32 29 44 61
32 29 45 61
32 29 46 61
32 29 47 61
32 29 48 61
32 29 49 61
32 29 50 61
32 29 51 61
32 29 52 61
32 29 53 61
32 29 54 61
32 29 55 61
32 29 56 61
32 29 57 61
32 29 58 61
32 29 59 61
32 29 60 61
33 29 34 29
33 29 35 29
33 29 36 29
33 29 37 29
33 29 38 29
33 29 39 29
33 29 40 29
33 29 41 29
33 29 42 29
33 29 43 29
33 29 44 29
33 29 45 29
33 29 46 29
33 29 47 29
33 29 48 29
33 29 49 29
33 29 50 29
33 29 51 29
33 29 52 29
33 29 53 29
33 29 54 29
33 29 55 29
33 29 56 29
33 29 57 29
33 29 58 29
33 29 59 29
33 29 60 29
33 29 30 61
33 29 31 61
33 29 32 61
33 29 33 61
33 29 34 61
33 29 35 61
33 29 36 61
33 29 37 61
33 29 38 61
33 29 39 61
33 29 40 61
33 29 41 61
33 29 42 61
33 29 43 61
33 29 44 61
33 29 45 61
33 29 46 61
33 29 47 61
33 29 48 61
33 29 49 61
33 29 50 61
33 29 51 61
33 29 52 61
33 29 53 61
33 29 54 61
33 29 55 61
33 29 56 61
33 29 57 61
33 29 58 61
33 29 59 61
33 29 60 61
34 29 35 29
34 29 36 29
34 29 37 29
34 29 38 29
34 29 39 29
34 29 40 29
34 29 41 29
34 29 42 29
34 29 43 29
34 29 44 29
34 29 45 29
34 29 46 29
34 29 47 29
34 29 48 29
34 29 49 29
34 29 50 29
34 29 51 29
34 29 52 29
34 29 53 29
34 29 54 29
34 29 55 29
34 29 56 29
34 29 57 29
34 29 58 29
34 29 59 29
34 29 60 29
34 29 30 61
34 29 31 61
34 29 32 61
34 29 33 61
34 29 34 61
34 29 35 61
34 29 36 61
34 29 37 61
34 29 38 61
34 29 39 61
34 29 40 61
34 29 41 61
34 29 42 61
34 29 43 61
34 29 44 61
34 29 45 61
34 29 46 61
34 29 47 61
34 29 48 61
34 29 49 61
34 29 50 61
34 29 51 61
34 29 52 61
34 29 53 61
34 29 54 61
34 29 55 61
34 29 56 61
34 29 57 61
34 29 58 61
34 29 59 61
34 29 60 61
35 29 36 29
35 29 37 29
35 29 38 29
35 29 39 29
35 29 40 29
35 29 41 29
35 29 42 29
35 29 43 29
35 29 44 29
35 29 45 29
35 29 46 29
35 29 47 29
35 29 48 29
35 29 49 29
35 29 50 29
35 29 51 29
35 29 52 29
35 29 53 29
35 29 54 29
35 29 55 29
35 29 56 29
35 29 57 29
35 29 58 29
35 29 59 29
35 29 60 29
35 29 30 61
35 29 31 61
35 29 32 61
35 29 33 61
35 29 34 61
35 29 35 61
35 29 36 61
35 29 37 61
35 29 38 61
35 29 39 61
35 29 40 61
35 29 41 61
35 29 42 61
35 29 43 61
35 29 44 61
35 29 45 61
35 29 46 61
35 29 47 61
35 29 48 61
35 29 49 61
35 29 50 61
35 29 51 61
35 29 52 61
35 29 53 61
35 29 54 61
35 29 55 61
35 29 56 61
35 29 57 61
35 29 58 61
35 29 59 61
35 29 60 61
36 29 37 29
36 29 38 29
36 29 39 29
36 29 40 29
36 29 41 29
36 29 42 29
36 29 43 29
36 29 44 29
36 29 45 29
36 29 46 29
36 29 47 29
36 29 48 29
36 29 49 29
36 29 50 29
36 29 51 29
36 29 52 29
36 29 53 29
36 29 54 29
36 29 55 29
36 29 56 29
36 29 57 29
36 29 58 29
36 29 59 29
36 29 60 29
36 29 30 61
36 29 31 61
36 29 32 61
36 29 33 61
36 29 34 61
36 29 35 61
36 29 36 61
36 29 37 61
36 29 38 61
36 29 39 61
36 29 40 61
36 29 41 61
36 29 42 61
36 29 43 61
36 29 44 61
36 29 45 61
36 29 46 61
36 29 47 61
36 29 48 61
36 29 49 61
36 29 50 61
36 29 51 61
36 29 52 61
36 29 53 61
36 29 54 61
36 29 55 61
36 29 56 61
36 29 57 61
36 29 58 61
36 29 59 61
36 29 60 61
37 29 38 29
37 29 39 29
37 29 40 29
37 29 41 29
37 29 42 29
37 29 43 29
37 29 44 29
37 29 45 29
37 29 46 29
37 29 47 29
37 29 48 29
37 29 49 29
37 29 50 29
37 29 51 29
37 29 52 29
37 29 53 29
37 29 54 29
37 29 55 29
37 29 56 29
37 29 57 29
37 29 58 29
37 29 59 29
37 29 60 29
37 29 30 61
37 29 31 61
37 29 32 61
37 29 33 61
37 29 34 61
37 29 35 61
37 29 36 61
37 29 37 61
37 29 38 61
37 29 39 61
37 29 40 61
37 29 41 61
37 29 42 61
37 29 43 61
37 29 44 61
37 29 45 61
37 29 46 61
37 29 47 61
37 29 48 61
37 29 49 61
37 29 50 61
37 29 51 61
37 29 52 61
37 29 53 61
37 29 54 61
37 29 55 61
37 29 56 61
37 29 57 61
37 29 58 61
37 29 59 61
37 29 60 61
38 29 39 29
38 29 40 29
38 29 41 29
38 29 42 29
38 29 43 29
38 29 44 29
38 29 45 29
38 29 46 29
38 29 47 29
38 29 48 29
38 29 49 29
38 29 50 29
38 29 51 29
38 29 52 29
38 29 53 29
38 29 54 29
38 29 55 29
38 29 56 29
38 29 57 29
38 29 58 29
38 29 59 29
38 29 60 29
38 29 30 61
38 29 31 61
38 29 32 61
38 29 33 61
38 29 34 61
38 29 35 61
38 29 36 61
38 29 37 61
38 29 38 61
38 29 39 61
38 29 40 61
38 29 41 61
38 29 42 61
38 29 43 61
38 29 44 61
38 29 45 61
38 29 46 61
38 29 47 61
38 29 48 61
38 29 49 61
38 29 50 61
38 29 51 61
38 29 52 61
38 29 53 61
38 29 54 61
38 29 55 61
38 29 56 61
38 29 57 61
38 29 58 61
38 29 59 61
38 29 60 61
39 29 40 29
39 29 41 29
39 29 42 29
39 29 43 29
39 29 44 29
39 29 45 29
39 29 46 29
39 29 47 29
39 29 48 29
39 29 49 29
39 29 50 29
39 29 51 29
39 29 52 29
39 29 53 29
39 29 54 29
39 29 55 29
39 29 56 29
39 29 57 29
39 29 58 29
39 29 59 29
39 29 60 29
39 29 30 61
39 29 31 61
39 29 32 61
39 29 33 61
39 29 34 61
39 29 35 61
39 29 36 61
39 29 37 61
39 29 38 61
39 29 39 61
39 29 40 61
39 29 41 61
39 29 42 61
39 29 43 61
39 29 44 61
39 29 45 61
39 29 46 61
39 29 47 61
39 29 48 61
39 29 49 61
39 29 50 61
39 29 51 61
39 29 52 61
39 29 53 61
39 29 54 61
39 29 55 61
39 29 56 61
39 29 57 61
39 29 58 61
39 29 59 61
39 29 60 61
40 29 41 29
40 29 42 29
40 29 43 29
40 29 44 29
40 29 45 29
40 29 46 29
40 29 47 29
40 29 48 29
40 29 49 29
40 29 50 29
40 29 51 29
40 29 52 29
40 29 53 29
40 29 54 29
40 29 55 29
40 29 56 29
40 29 57 29
40 29 58 29
40 29 59 29
40 29 60 29
40 29 30 61
40 29 31 61
40 29 32 61
40 29 33 61
40 29 34 61
40 29 35 61
40 29 36 61
40 29 37 61
40 29 38 61
40 29 39 61
40 29 40 61
40 29 41 61
40 29 42 61
40 29 43 61
40 29 44 61
40 29 45 61
40 29 46 61
40 29 47 61
40 29 48 61
40 29 49 61
40 29 50 61
40 29 51 61
40 29 52 61
40 29 53 61
40 29 54 61
40 29 55 61
40 29 56 61
40 29 57 61
40 29 58 61
40 29 59 61
40 29 60 61
41 29 42 29
41 29 43 29
41 29 44 29
41 29 45 29
41 29 46 29
41 29 47 29
41 29 48 29
41 29 49 29
41 29 50 29
41 29 51 29
41 29 52 29
41 29 53 29
41 29 54 29
41 29 55 29
41 29 56 29
41 29 57 29
41 29 58 29
41 29 59 29
41 29 60 29
41 29 30 61
41 29 31 61
41 29 32 61
41 29 33 61
41 29 34 61
41 29 35 61
41 29 36 61
41 29 37 61
41 29 38 61
41 29 39 61
41 29 40 61
41 29 41 61
41 29 42 61
41 29 43 61
41 29 44 61
41 29 45 61
41 29 46 61
41 29 47 61
41 29 48 61
41 29 49 61
41 29 50 61
41 29 51 61
41 29 52 61
41 29 53 61
41 29 54 61
41 29 55 61
41 29 56 61
41 29 57 61
41 29 58 61
41 29 59 61
41 29 60 61
42 29 43 29
42 29 44 29
42 29 45 29
42 29 46 29
42 29 47 29
42 29 48 29
42 29 49 29
42 29 50 29
42 29 51 29
42 29 52 29
42 29 53 29
42 29 54 29
42 29 55 29
42 29 56 29
42 29 57 29
42 29 58 29
42 29 59 29
42 29 60 29
42 29 30 61
42 29 31 61
42 29 32 61
42 29 33 61
42 29 34 61
42 29 35 61
42 29 36 61
42 29 37 61
42 29 38 61
42 29 39 61
42 29 40 61
42 29 41 61
42 29 42 61
42 29 43 61
42 29 44 61
42 29 45 61
42 29 46 61
42 29 47 61
42 29 48 61
42 29 49 61
42 29 50 61
42 29 51 61
42 29 52 61
42 29 53 61
42 29 54 61
42 29 55 61
42 29 56 61
42 29 57 61
42 29 58 61
42 29 59 61
42 29 60 61
43 29 44 29
43 29 45 29
43 29 46 29
43 29 47 29
43 29 48 29
43 29 49 29
43 29 50 29
43 29 51 29
43 29 52 29
43 29 53 29
43 29 54 29
43 29 55 29
43 29 56 29
43 29 57 29
43 29 58 29
43 29 59 29
43 29 60 29
43 29 30 61
43 29 31 61
43 29 32 61
43 29 33 61
43 29 34 61
43 29 35 61
43 29 36 61
43 29 37 61
43 29 38 61
43 29 39 61
43 29 40 61
43 29 41 61
43 29 42 61
43 29 43 61
43 29 44 61
43 29 45 61
43 29 46 61
43 29 47 61
43 29 48 61
43 29 49 61
43 29 50 61
43 29 51 61
43 29 52 61
43 29 53 61
43 29 54 61
43 29 55 61
43 29 56 61
43 29 57 61
43 29 58 61
43 29 59 61
43 29 60 61
44 29 45 29
44 29 46 29
44 29 47 29
44 29 48 29
44 29 49 29
44 29 50 29
44 29 51 29
44 29 52 29
44 29 53 29
44 29 54 29
44 29 55 29
44 29 56 29
44 29 57 29
44 29 58 29
44 29 59 29
44 29 60 29
44 29 30 61
44 29 31 61
44 29 32 61
44 29 33 61
44 29 34 61
44 29 35 61
44 29 36 61
44 29 37 61
44 29 38 61
44 29 39 61
44 29 40 61
44 29 41 61
44 29 42 61
44 29 43 61
44 29 44 61
44 29 45 61
44 29 46 61
44 29 47 61
44 29 48 61
44 29 49 61
44 29 50 61
44 29 51 61
44 29 52 61
44 29 53 61
44 29 54 61
44 29 55 61
44 29 56 61
44 29 57 61
44 29 58 61
44 29 59 61
44 29 60 61
45 29 46 29
45 29 47 29
45 29 48 29
45 29 49 29
45 29 50 29
45 29 51 29
45 29 52 29
45 29 53 29
45 29 54 29
45 29 55 29
45 29 56 29
45 29 57 29
45 29 58 29
45 29 59 29
45 29 60 29
45 29 30 61
45 29 31 61
45 29 32 61
45 29 33 61
45 29 34 61
45 29 35 61
45 29 36 61
45 29 37 61
45 29 38 61
45 29 39 61
45 29 40 61
45 29 41 61
45 29 42 61
45 29 43 61
45 29 44 61
45 29 45 61
45 29 46 61
45 29 47 61
45 29 48 61
45 29 49 61
45 29 50 61
45 29 51 61
45 29 52 61
45 29 53 61
45 29 54 61
45 29 55 61
45 29 56 61
45 29 57 61
45 29 58 61
45 29 59 61
45 29 60 61
46 29 47 29
46 29 48 29
46 29 49 29
46 29 50 29
46 29 51 29
46 29 52 29
46 29 53 29
46 29 54 29
46 29 55 29
46 29 56 29
46 29 57 29
46 29 58 29
46 29 59 29
46 29 60 29
46 29 30 61
46 29 31 61
46 29 32 61
46 29 33 61
46 29 34 61
46 29 35 61
46 29 36 61
46 29 37 61
46 29 38 61
46 29 39 61
46 29 40 61
46 29 41 61
46 29 42 61
46 29 43 61
46 29 44 61
46 29 45 61
46 29 46 61
46 29 47 61
46 29 48 61
46 29 49 61
46 29 50 61
46 29 51 61
46 29 52 61
46 29 53 61
46 29 54 61
46 29 55 61
46 29 56 61
46 29 57 61
46 29 58 61
46 29 59 61
46 29 60 61
47 29 48 29
47 29 49 29
47 29 50 29
47 29 51 29
47 29 52 29
47 29 53 29
47 29 54 29
47 29 55 29
47 29 56 29
47 29 57 29
47 29 58 29
47 29 59 29
47 29 60 29
47 29 30 61
47 29 31 61
47 29 32 61
47 29 33 61
47 29 34 61
47 29 35 61
47 29 36 61
47 29 37 61
47 29 38 61
47 29 39 61
47 29 40 61
47 29 41 61
47 29 42 61
47 29 43 61
47 29 44 61
47 29 45 61
47 29 46 61
47 29 47 61
47 29 48 61
47 29 49 61
47 29 50 61
47 29 51 61
47 29 52 61
47 29 53 61
47 29 54 61
47 29 55 61
47 29 56 61
47 29 57 61
47 29 58 61
47 29 59 61
47 29 60 61
48 29 49 29
48 29 50 29
48 29 51 29
48 29 52 29
48 29 53 29
48 29 54 29
48 29 55 29
48 29 56 29
48 29 57 29
48 29 58 29
48 29 59 29
48 29 60 29
48 29 30 61
48 29 31 61
48 29 32 61
48 29 33 61
48 29 34 61
48 29 35 61
48 29 36 61
48 29 37 61
48 29 38 61
48 29 39 61
48 29 40 61
48 29 41 61
48 29 42 61
48 29 43 61
48 29 44 61
48 29 45 61
48 29 46 61
48 29 47 61
48 29 48 61
48 29 49 61
48 29 50 61
48 29 51 61
48 29 52 61
48 29 53 61
48 29 54 61
48 29 55 61
48 29 56 61
48 29 57 61
48 29 58 61
48 29 59 61
48 29 60 61
49 29 50 29
49 29 51 29
49 29 52 29
49 29 53 29
49 29 54 29
49 29 55 29
49 29 56 29
49 29 57 29
49 29 58 29
49 29 59 29
49 29 60 29
49 29 30 61
49 29 31 61
49 29 32 61
49 29 33 61
49 29 34 61
49 29 35 61
49 29 36 61
49 29 37 61
49 29 38 61
49 29 39 61
49 29 40 61
49 29 41 61
49 29 42 61
49 29 43 61
49 29 44 61
49 29 45 61
49 29 46 61
49 29 47 61
49 29 48 61
49 29 49 61
49 29 50 61
49 29 51 61
49 29 52 61
49 29 53 61
49 29 54 61
49 29 55 61
49 29 56 61
49 29 57 61
49 29 58 61
49 29 59 61
49 29 60 61
50 29 51 29
50 29 52 29
50 29 53 29
50 29 54 29
50 29 55 29
50 29 56 29
50 29 57 29
50 29 58 29
50 29 59 29
50 29 60 29
50 29 30 61
50 29 31 61
50 29 32 61
50 29 33 61
50 29 34 61
50 29 35 61
50 29 36 61
50 29 37 61
50 29 38 61
50 29 39 61
50 29 40 61
50 29 41 61
50 29 42 61
50 29 43 61
50 29 44 61
50 29 45 61
50 29 46 61
50 29 47 61
50 29 48 61
50 29 49 61
50 29 50 61
50 29 51 61
50 29 52 61
50 29 53 61
50 29 54 61
50 29 55 61
50 29 56 61
50 29 57 61
50 29 58 61
50 29 59 61
50 29 60 61
51 29 52 29
51 29 53 29
51 29 54 29
51 29 55 29
51 29 56 29
51 29 57 29
51 29 58 29
51 29 59 29
51 29 60 29
51 29 30 61
51 29 31 61
51 29 32 61
51 29 33 61
51 29 34 61
51 29 35 61
51 29 36 61
51 29 37 61
51 29 38 61
51 29 39 61
51 29 40 61
51 29 41 61
51 29 42 61
51 29 43 61
51 29 44 61
51 29 45 61
51 29 46 61
51 29 47 61
51 29 48 61
51 29 49 61
51 29 50 61
51 29 51 61
51 29 52 61
51 29 53 61
51 29 54 61
51 29 55 61
51 29 56 61
51 29 57 61
51 29 58 61
51 29 59 61
51 29 60 61
52 29 53 29
52 29 54 29
52 29 55 29
52 29 56 29
52 29 57 29
52 29 58 29
52 29 59 29
52 29 60 29
52 29 30 61
52 29 31 61
52 29 32 61
52 29 33 61
52 29 34 61
52 29 35 61
52 29 36 61
52 29 37 61
52 29 38 61
52 29 39 61
52 29 40 61
52 29 41 61
52 29 42 61
52 29 43 61
52 29 44 61
52 29 45 61
52 29 46 61
52 29 47 61
52 29 48 61
52 29 49 61
52 29 50 61
52 29 51 61
52 29 52 61
52 29 53 61
52 29 54 61
52 29 55 61
52 29 56 61
52 29 57 61
52 29 58 61
52 29 59 61
52 29 60 61
53 29 54 29
53 29 55 29
53 29 56 29
53 29 57 29
53 29 58 29
53 29 59 29
53 29 60 29
53 29 30 61
53 29 31 61
53 29 32 61
53 29 33 61
53 29 34 61
53 29 35 61
53 29 36 61
53 29 37 61
53 29 38 61
53 29 39 61
53 29 40 61
53 29 41 61
53 29 42 61
53 29 43 61
53 29 44 61
53 29 45 61
53 29 46 61
53 29 47 61
53 29 48 61
53 29 49 61
53 29 50 61
53 29 51 61
53 29 52 61
53 29 53 61
53 29 54 61
53 29 55 61
53 29 56 61
53 29 57 61
53 29 58 61
53 29 59 61
53 29 60 61
54 29 55 29
54 29 56 29
54 29 57 29
54 29 58 29
54 29 59 29
54 29 60 29
54 29 30 61
54 29 31 61
54 29 32 61
54 29 33 61
54 29 34 61
54 29 35 61
54 29 36 61
54 29 37 61
54 29 38 61
54 29 39 61
54 29 40 61
54 29 41 61
54 29 42 61
54 29 43 61
54 29 44 61
54 29 45 61
54 29 46 61
54 29 47 61
54 29 48 61
54 29 49 61
54 29 50 61
54 29 51 61
54 29 52 61
54 29 53 61
54 29 54 61
54 29 55 61
54 29 56 61
54 29 57 61
54 29 58 61
54 29 59 61
54 29 60 61
55 29 56 29
55 29 57 29
55 29 58 29
55 29 59 29
55 29 60 29
55 29 30 61
55 29 31 61
55 29 32 61
55 29 33 61
55 29 34 61
55 29 35 61
55 29 36 61
55 29 37 61
55 29 38 61
55 29 39 61
55 29 40 61
55 29 41 61
55 29 42 61
55 29 43 61
55 29 44 61
55 29 45 61
55 29 46 61
55 29 47 61
55 29 48 61
55 29 49 61
55 29 50 61
55 29 51 61
55 29 52 61
55 29 53 61
55 29 54 61
55 29 55 61
55 29 56 61
55 29 57 61
55 29 58 61
55 29 59 61
55 29 60 61
56 29 57 29
56 29 58 29
56 29 59 29
56 29 60 29
56 29 30 61
56 29 31 61
56 29 32 61
56 29 33 61
56 29 34 61
56 29 35 61
56 29 36 61
56 29 37 61
56 29 38 61
56 29 39 61
56 29 40 61
56 29 41 61
56 29 42 61
56 29 43 61
56 29 44 61
56 29 45 61
56 29 46 61
56 29 47 61
56 29 48 61
56 29 49 61
56 29 50 61
56 29 51 61
56 29 52 61
56 29 53 61
56 29 54 61
56 29 55 61
56 29 56 61
56 29 57 61
56 29 58 61
56 29 59 61
56 29 60 61
57 29 58 29
57 29 59 29
57 29 60 29
57 29 30 61
57 29 31 61
57 29 32 61
57 29 33 61
57 29 34 61
57 29 35 61
57 29 36 61
57 29 37 61
57 29 38 61
57 29 39 61
57 29 40 61
57 29 41 61
57 29 42 61
57 29 43 61
57 29 44 61
57 29 45 61
57 29 46 61
57 29 47 61
57 29 48 61
57 29 49 61
57 29 50 61
57 29 51 61
57 29 52 61
57 29 53 61
57 29 54 61
57 29 55 61
57 29 56 61
57 29 57 61
57 29 58 61
57 29 59 61
57 29 60 61
58 29 59 29
58 29 60 29
58 29 30 61
58 29 31 61
58 29 32 61
58 29 33 61
58 29 34 61
58 29 35 61
58 29 36 61
58 29 37 61
58 29 38 61
58 29 39 61
58 29 40 61
58 29 41 61
58 29 42 61
58 29 43 61
58 29 44 61
58 29 45 61
58 29 46 61
58 29 47 61
58 29 48 61
58 29 49 61
58 29 50 61
58 29 51 61
58 29 52 61
58 29 53 61
58 29 54 61
58 29 55 61
58 29 56 61
58 29 57 61
58 29 58 61
58 29 59 61
58 29 60 61
59 29 60 29
59 29 30 61
59 29 31 61
59 29 32 61
59 29 33 61
59 29 34 61
59 29 35 61
59 29 36 61
59 29 37 61
59 29 38 61
59 29 39 61
59 29 40 61
59 29 41 61
59 29 42 61
59 29 43 61
59 29 44 61
59 29 45 61
59 29 46 61
59 29 47 61
59 29 48 61
59 29 49 61
59 29 50 61
59 29 51 61
59 29 52 61
59 29 53 61
59 29 54 61
59 29 55 61
59 29 56 61
59 29 57 61
59 29 58 61
59 29 59 61
59 29 60 61
60 29 30 61
60 29 31 61
60 29 32 61
60 29 33 61
60 29 34 61
60 29 35 61
60 29 36 61
60 29 37 61
60 29 38 61
60 29 39 61
60 29 40 61
60 29 41 61
60 29 42 61
60 29 43 61
60 29 44 61
60 29 45 61
60 29 46 61
60 29 47 61
60 29 48 61
60 29 49 61
60 29 50 61
60 29 51 61
60 29 52 61
60 29 53 61
60 29 54 61
60 29 55 61
60 29 56 61
60 29 57 61
60 29 58 61
60 29 59 61
60 29 60 61
30 61 31 61
30 61 32 61
30 61 33 61
30 61 34 61
30 61 35 61
30 61 36 61
30 61 37 61
30 61 38 61
30 61 39 61
30 61 40 61
30 61 41 61
30 61 42 61
30 61 43 61
30 61 44 61
30 61 45 61
30 61 46 61
30 61 47 61
30 61 48 61
30 61 49 61
30 61 50 61
30 61 51 61
30 61 52 61
30 61 53 61
30 61 54 61
30 61 55 61
30 61 56 61
30 61 57 61
30 61 58 61
30 61 59 61
30 61 60 61
31 61 32 61
31 61 33 61
31 61 34 61
31 61 35 61
31 61 36 61
31 61 37 61
31 61 38 61
31 61 39 61
31 61 40 61
31 61 41 61
31 61 42 61
31 61 43 61
31 61 44 61
31 61 45 61
31 61 46 61
31 61 47 61
31 61 48 61
31 61 49 61
31 61 50 61
31 61 51 61
31 61 52 61
31 61 53 61
31 61 54 61
31 61 55 61
31 61 56 61
31 61 57 61
31 61 58 61
31 61 59 61
31 61 60 61
32 61 33 61
32 61 34 61
32 61 35 61
32 61 36 61
32 61 37 61
32 61 38 61
32 61 39 61
32 61 40 61
32 61 41 61
32 61 42 61
32 61 43 61
32 61 44 61
32 61 45 61
32 61 46 61
32 61 47 61
32 61 48 61
32 61 49 61
32 61 50 61
32 61 51 61
32 61 52 61
32 61 53 61
32 61 54 61
32 61 55 61
32 61 56 61
32 61 57 61
32 61 58 61
32 61 59 61
32 61 60 61
33 61 34 61
33 61 35 61
33 61 36 61
33 61 37 61
33 61 38 61
33 61 39 61
33 61 40 61
33 61 41 61
33 61 42 61
33 61 43 61
33 61 44 61
33 61 45 61
33 61 46 61
33 61 47 61
33 61 48 61
33 61 49 61
33 61 50 61
33 61 51 61
33 61 52 61
33 61 53 61
33 61 54 61
33 61 55 61
33 61 56 61
33 61 57 61
33 61 58 61
33 61 59 61
33 61 60 61
34 61 35 61
34 61 36 61
34 61 37 61
34 61 38 61
34 61 39 61
34 61 40 61
34 61 41 61
34 61 42 61
34 61 43 61
34 61 44 61
34 61 45 61
34 61 46 61
34 61 47 61
34 61 48 61
34 61 49 61
34 61 50 61
34 61 51 61
34 61 52 61
34 61 53 61
34 61 54 61
34 61 55 61
34 61 56 61
34 61 57 61
34 61 58 61
34 61 59 61
34 61 60 61
35 61 36 61
35 61 37 61
35 61 38 61
35 61 39 61
35 61 40 61
35 61 41 61
35 61 42 61
35 61 43 61
35 61 44 61
35 61 45 61
35 61 46 61
35 61 47 61
35 61 48 61
35 61 49 61
35 61 50 61
35 61 51 61
35 61 52 61
35 61 53 61
35 61 54 61
35 61 55 61
35 61 56 61
35 61 57 61
35 61 58 61
35 61 59 61
35 61 60 61
36 61 37 61
36 61 38 61
36 61 39 61
36 61 40 61
36 61 41 61
36 61 42 61
36 61 43 61
36 61 44 61
36 61 45 61
36 61 46 61
36 61 47 61
36 61 48 61
36 61 49 61
36 61 50 61
36 61 51 61
36 61 52 61
36 61 53 61
36 61 54 61
36 61 55 61
36 61 56 61
36 61 57 61
36 61 58 61
36 61 59 61
36 61 60 61
37 61 38 61
37 61 39 61
37 61 40 61
37 61 41 61
37 61 42 61
37 61 43 61
37 61 44 61
37 61 45 61
37 61 46 61
37 61 47 61
37 61 48 61
37 61 49 61
37 61 50 61
37 61 51 61
37 61 52 61
37 61 53 61
37 61 54 61
37 61 55 61
37 61 56 61
37 61 57 61
37 61 58 61
37 61 59 61
37 61 60 61
38 61 39 61
38 61 40 61
38 61 41 61
38 61 42 61
38 61 43 61
38 61 44 61
38 61 45 61
38 61 46 61
38 61 47 61
38 61 48 61
38 61 49 61
38 61 50 61
38 61 51 61
38 61 52 61
38 61 53 61
38 61 54 61
38 61 55 61
38 61 56 61
38 61 57 61
38 61 58 61
38 61 59 61
38 61 60 61
39 61 40 61
39 61 41 61
39 61 42 61
39 61 43 61
39 61 44 61
39 61 45 61
39 61 46 61
39 61 47 61
39 61 48 61
39 61 49 61
39 61 50 61
39 61 51 61
39 61 52 61
39 61 53 61
39 61 54 61
39 61 55 61
39 61 56 61
39 61 57 61
39 61 58 61
39 61 59 61
39 61 60 61
40 61 41 61
40 61 42 61
40 61 43 61
40 61 44 61
40 61 45 61
40 61 46 61
40 61 47 61
40 61 48 61
40 61 49 61
40 61 50 61
40 61 51 61
40 61 52 61
40 61 53 61
40 61 54 61
40 61 55 61
40 61 56 61
40 61 57 61
40 61 58 61
40 61 59 61
40 61 60 61
41 61 42 61
41 61 43 61
41 61 44 61
41 61 45 61
41 61 46 61
41 61 47 61
41 61 48 61
41 61 49 61
41 61 50 61
41 61 51 61
41 61 52 61
41 61 53 61
41 61 54 61
41 61 55 61
41 61 56 61
41 61 57 61
41 61 58 61
41 61 59 61
41 61 60 61
42 61 43 61
42 61 44 61
42 61 45 61
42 61 46 61
42 61 47 61
42 61 48 61
42 61 49 61
42 61 50 61
42 61 51 61
42 61 52 61
42 61 53 61
42 61 54 61
42 61 55 61
42 61 56 61
42 61 57 61
42 61 58 61
42 61 59 61
42 61 60 61
43 61 44 61
43 61 45 61
43 61 46 61
43 61 47 61
43 61 48 61
43 61 49 61
43 61 50 61
43 61 51 61
43 61 52 61
43 61 53 61
43 61 54 61
43 61 55 61
43 61 56 61
43 61 57 61
43 61 58 61
43 61 59 61
43 61 60 61
44 61 45 61
44 61 46 61
44 61 47 61
44 61 48 61
44 61 49 61
44 61 50 61
44 61 51 61
44 61 52 61
44 61 53 61
44 61 54 61
44 61 55 61
44 61 56 61
44 61 57 61
44 61 58 61
44 61 59 61
44 61 60 61
45 61 46 61
45 61 47 61
45 61 48 61
45 61 49 61
45 61 50 61
45 61 51 61
45 61 52 61
45 61 53 61
45 61 54 61
45 61 55 61
45 61 56 61
45 61 57 61
45 61 58 61
45 61 59 61
45 61 60 61
46 61 47 61
46 61 48 61
46 61 49 61
46 61 50 61
46 61 51 61
46 61 52 61
46 61 53 61
46 61 54 61
46 61 55 61
46 61 56 61
46 61 57 61
46 61 58 61
46 61 59 61
46 61 60 61
47 61 48 61
47 61 49 61
47 61 50 61
47 61 51 61
47 61 52 61
47 61 53 61
47 61 54 61
47 61 55 61
47 61 56 61
47 61 57 61
47 61 58 61
47 61 59 61
47 61 60 61
48 61 49 61
48 61 50 61
48 61 51 61
48 61 52 61
48 61 53 61
48 61 54 61
48 61 55 61
48 61 56 61
48 61 57 61
48 61 58 61
48 61 59 61
48 61 60 61
49 61 50 61
49 61 51 61
49 61 52 61
49 61 53 61
49 61 54 61
49 61 55 61
49 61 56 61
49 61 57 61
49 61 58 61
49 61 59 61
49 61 60 61
50 61 51 61
50 61 52 61
50 61 53 61
50 61 54 61
50 61 55 61
50 61 56 61
50 61 57 61
50 61 58 61
50 61 59 61
50 61 60 61
51 61 52 61
51 61 53 61
51 61 54 61
51 61 55 61
51 61 56 61
51 61 57 61
51 61 58 61
51 61 59 61
51 61 60 61
52 61 53 61
52 61 54 61
52 61 55 61
52 61 56 61
52 61 57 61
52 61 58 61
52 61 59 61
52 61 60 61
53 61 54 61
53 61 55 61
53 61 56 61
53 61 57 61
53 61 58 61
53 61 59 61
53 61 60 61
54 61 55 61
54 61 56 61
54 61 57 61
54 61 58 61
54 61 59 61
54 61 60 61
55 61 56 61
55 61 57 61
55 61 58 61
55 61 59 61
55 61 60 61
56 61 57 61
56 61 58 61
56 61 59 61
56 61 60 61
57 61 58 61
57 61 59 61
57 61 60 61
58 61 59 61
58 61 60 61
59 61 60 61
