9
100 100
100 150
100 200
150 100
150 150
150 200
200 100
200 150
200 200
32
88 79 500 500
88 129 500 520
88 159 500 540
88 221 500 560
131 79 520 500
131 129 520 520
131 159 520 540
131 221 520 560
168 79 540 500
168 129 540 520
168 159 540 540
168 221 540 560
242 79 560 500
242 129 560 520
242 159 560 540
242 221 560 560
88 79 80 80
88 129 80 82
88 159 80 84
88 221 80 86
131 79 82 80
131 129 82 82
131 159 82 84
131 221 82 86
168 79 86 80
168 129 86 82
168 159 86 84
168 221 86 86
242 79 88 80
242 129 88 82
242 159 88 84
242 221 88 86
